1.111648201942443848e+00 1.163559556007385254e-01 -1.630165055394172668e-02 -3.545794606907293200e-05 1.175329923629760742e+00 -1.554652000777423382e-03 -1.262779906392097473e-02 1.588999748229980469e+00 5.816251039505004883e-03 2.114005088806152344e+00 1.429964423179626465e+00 1.103131651878356934e+00
1.113990664482116699e+00 1.188769936561584473e-01 -1.638485863804817200e-02 -4.412147973198443651e-05 1.186408042907714844e+00 -1.564329722896218300e-03 -1.268061250448226929e-02 1.595147490501403809e+00 8.601173758506774902e-03 2.125648975372314453e+00 1.440132379531860352e+00 1.112868189811706543e+00
1.116351008415222168e+00 1.214295625686645508e-01 -1.646834798157215118e-02 -5.278620665194466710e-05 1.197553157806396484e+00 -1.574231195263564587e-03 -1.273358892649412155e-02 1.601310968399047852e+00 1.141306757926940918e-02 2.137316226959228516e+00 1.450331807136535645e+00 1.122613549232482910e+00
1.118478298187255859e+00 1.239144802093505859e-01 -1.655199937522411346e-02 -6.189081614138558507e-05 1.208797454833984375e+00 -1.583051751367747784e-03 -1.278663706034421921e-02 1.607464194297790527e+00 1.432015001773834229e-02 2.149042367935180664e+00 1.460679411888122559e+00 1.132671594619750977e+00
1.119976401329040527e+00 1.261058449745178223e-01 -1.663537137210369110e-02 -7.338795694522559643e-05 1.219937562942504883e+00 -1.587217207998037338e-03 -1.283894013613462448e-02 1.613527774810791016e+00 1.732148230075836182e-02 2.161036014556884766e+00 1.471473693847656250e+00 1.143671154975891113e+00
1.121486544609069824e+00 1.283146739006042480e-01 -1.671890355646610260e-02 -8.487854211125522852e-05 1.231112480163574219e+00 -1.591511536389589310e-03 -1.289133727550506592e-02 1.619600176811218262e+00 2.033588290214538574e-02 2.173043012619018555e+00 1.482283592224121094e+00 1.154672980308532715e+00
1.122980475425720215e+00 1.305271387100219727e-01 -1.680341735482215881e-02 -9.663972741691395640e-05 1.242408752441406250e+00 -1.595570822246372700e-03 -1.294434256851673126e-02 1.625751137733459473e+00 2.338661253452301025e-02 2.185213565826416016e+00 1.493245720863342285e+00 1.165863037109375000e+00
1.124652147293090820e+00 1.328675150871276855e-01 -1.689313165843486786e-02 -1.089170909835956991e-04 1.254330158233642578e+00 -1.600099261850118637e-03 -1.300070527940988541e-02 1.632298588752746582e+00 2.656875550746917725e-02 2.198132753372192383e+00 1.504834175109863281e+00 1.177657008171081543e+00
1.126311898231506348e+00 1.351906657218933105e-01 -1.698268204927444458e-02 -1.211956478073261678e-04 1.266216278076171875e+00 -1.604502322152256966e-03 -1.305697299540042877e-02 1.638836383819580078e+00 2.973756194114685059e-02 2.211037635803222656e+00 1.516405820846557617e+00 1.189446806907653809e+00
1.127983450889587402e+00 1.375305652618408203e-01 -1.707239262759685516e-02 -1.334706321358680725e-04 1.278136730194091797e+00 -1.609029015526175499e-03 -1.311333384364843369e-02 1.645383834838867188e+00 3.291940689086914062e-02 2.223956346511840820e+00 1.527993559837341309e+00 1.201240539550781250e+00
1.129857897758483887e+00 1.403447985649108887e-01 -1.717052422463893890e-02 -1.467028632760047913e-04 1.291521549224853516e+00 -1.615861780010163784e-03 -1.317471917718648911e-02 1.652477622032165527e+00 3.661097586154937744e-02 2.237917423248291016e+00 1.540656447410583496e+00 1.213928580284118652e+00
1.133267045021057129e+00 1.456218361854553223e-01 -1.729572564363479614e-02 -1.605728612048551440e-04 1.310411930084228516e+00 -1.639385358430445194e-03 -1.325182896107435226e-02 1.661196231842041016e+00 4.236255586147308350e-02 2.254518985748291016e+00 1.556323170661926270e+00 1.227955698966979980e+00
1.137054443359375000e+00 1.513693928718566895e-01 -1.742162369191646576e-02 -1.734850084176287055e-04 1.329819202423095703e+00 -1.667227828875184059e-03 -1.332913804799318314e-02 1.669892191886901855e+00 4.836668074131011963e-02 2.270885705947875977e+00 1.571892976760864258e+00 1.241393208503723145e+00
1.140937328338623047e+00 1.572361588478088379e-01 -1.754775643348693848e-02 -1.861694763647392392e-04 1.349364042282104492e+00 -1.696150400675833225e-03 -1.340654026716947556e-02 1.678587079048156738e+00 5.443632602691650391e-02 2.287203311920166016e+00 1.587447524070739746e+00 1.254692792892456055e+00
1.145753860473632812e+00 1.625167727470397949e-01 -1.767581701278686523e-02 -1.992258767131716013e-04 1.368559122085571289e+00 -1.725162961520254612e-03 -1.348506752401590347e-02 1.687839865684509277e+00 6.109094619750976562e-02 2.303435802459716797e+00 1.603445529937744141e+00 1.268369793891906738e+00
1.151326179504394531e+00 1.674157381057739258e-01 -1.780673302710056305e-02 -2.131727669620886445e-04 1.387722253799438477e+00 -1.754394266754388809e-03 -1.356487348675727844e-02 1.697558403015136719e+00 6.836608052253723145e-02 2.319749832153320312e+00 1.620036125183105469e+00 1.282539725303649902e+00
1.157007813453674316e+00 1.725060343742370605e-01 -1.794004254043102264e-02 -2.288416289957240224e-04 1.407147645950317383e+00 -1.783600542694330215e-03 -1.364454999566078186e-02 1.707249522209167480e+00 7.581120729446411133e-02 2.336396217346191406e+00 1.637008666992187500e+00 1.296936273574829102e+00
1.162677526473999023e+00 1.775848865509033203e-01 -1.807323843240737915e-02 -2.446380676701664925e-04 1.426521778106689453e+00 -1.812587142921984196e-03 -1.372403930872678757e-02 1.716922402381896973e+00 8.322896063327789307e-02 2.353048563003540039e+00 1.653968214988708496e+00 1.311329722404479980e+00
1.168470263481140137e+00 1.827812790870666504e-01 -1.821155659854412079e-02 -2.613708784338086843e-04 1.446583986282348633e+00 -1.841803896240890026e-03 -1.380653213709592819e-02 1.726970314979553223e+00 9.091527760028839111e-02 2.370402336120605469e+00 1.671634793281555176e+00 1.326432824134826660e+00
1.173581838607788086e+00 1.874216198921203613e-01 -1.835579238831996918e-02 -2.793994790408760309e-04 1.467061042785644531e+00 -1.865511643700301647e-03 -1.389218308031558990e-02 1.737488150596618652e+00 9.876161813735961914e-02 2.388758659362792969e+00 1.690020918846130371e+00 1.343211054801940918e+00
1.178645133972167969e+00 1.919028162956237793e-01 -1.850314252078533173e-02 -2.968964399769902229e-04 1.487952709197998047e+00 -1.888251397758722305e-03 -1.398199796676635742e-02 1.748562932014465332e+00 1.065268516540527344e-01 2.407788038253784180e+00 1.708847999572753906e+00 1.360741257667541504e+00
1.183687090873718262e+00 1.963619589805603027e-01 -1.865021698176860809e-02 -3.143927897326648235e-04 1.508791923522949219e+00 -1.910812687128782272e-03 -1.407164894044399261e-02 1.759618639945983887e+00 1.142692863941192627e-01 2.426793336868286133e+00 1.727644801139831543e+00 1.378259539604187012e+00
1.188655972480773926e+00 2.007846832275390625e-01 -1.879869401454925537e-02 -3.323129203636199236e-04 1.529790163040161133e+00 -1.932712853886187077e-03 -1.416196767240762711e-02 1.770740866661071777e+00 1.220869123935699463e-01 2.446005821228027344e+00 1.746657371520996094e+00 1.396086096763610840e+00
1.193730235099792480e+00 2.061738371849060059e-01 -1.895429007709026337e-02 -3.539684694260358810e-04 1.552782058715820312e+00 -1.959018409252166748e-03 -1.425205077975988388e-02 1.782323718070983887e+00 1.314287185668945312e-01 2.465618371963500977e+00 1.766553640365600586e+00 1.414486765861511230e+00
1.198138236999511719e+00 2.126749157905578613e-01 -1.911007985472679138e-02 -3.851118963211774826e-04 1.576695919036865234e+00 -1.985606970265507698e-03 -1.432992797344923019e-02 1.794010519981384277e+00 1.426112055778503418e-01 2.484822034835815430e+00 1.786195755004882812e+00 1.432861328125000000e+00
1.202578663825988770e+00 2.192426919937133789e-01 -1.926797628402709961e-02 -4.169854801148176193e-04 1.600924253463745117e+00 -2.012466080486774445e-03 -1.440862100571393967e-02 1.805932879447937012e+00 1.540916562080383301e-01 2.504238843917846680e+00 1.806141853332519531e+00 1.451580882072448730e+00
1.205927252769470215e+00 2.271877527236938477e-01 -1.942827738821506500e-02 -4.637709644157439470e-04 1.626055240631103516e+00 -2.055175369605422020e-03 -1.450555212795734406e-02 1.819599509239196777e+00 1.663840413093566895e-01 2.523274421691894531e+00 1.826573014259338379e+00 1.469867587089538574e+00
1.209211707115173340e+00 2.352737784385681152e-01 -1.958891190588474274e-02 -5.117491236887872219e-04 1.651300430297851562e+00 -2.099439268931746483e-03 -1.460404321551322937e-02 1.833417296409606934e+00 1.787635385990142822e-01 2.542278289794921875e+00 1.847050070762634277e+00 1.488097310066223145e+00
1.212495088577270508e+00 2.434592843055725098e-01 -1.975120417773723602e-02 -5.602726596407592297e-04 1.677017450332641602e+00 -2.144710626453161240e-03 -1.470404583960771561e-02 1.847545266151428223e+00 1.915157735347747803e-01 2.561419963836669922e+00 1.867816925048828125e+00 1.506650805473327637e+00
1.215803384780883789e+00 2.517291903495788574e-01 -1.991445384919643402e-02 -6.090745446272194386e-04 1.702997446060180664e+00 -2.190739847719669342e-03 -1.480481214821338654e-02 1.861819624900817871e+00 2.044585645198822021e-01 2.580628871917724609e+00 1.888726234436035156e+00 1.525325775146484375e+00
1.218993902206420898e+00 2.599063515663146973e-01 -2.007792517542839050e-02 -6.583198555745184422e-04 1.728939056396484375e+00 -2.235741820186376572e-03 -1.490572746843099594e-02 1.876128315925598145e+00 2.173963785171508789e-01 2.599938869476318359e+00 1.909728527069091797e+00 1.544223189353942871e+00
1.222190022468566895e+00 2.681081891059875488e-01 -2.024173736572265625e-02 -7.076951442286372185e-04 1.754945516586303711e+00 -2.280894899740815163e-03 -1.500684581696987152e-02 1.890467047691345215e+00 2.303719818592071533e-01 2.619282245635986328e+00 1.930775523185729980e+00 1.563156247138977051e+00
1.225369453430175781e+00 2.762785553932189941e-01 -2.040524594485759735e-02 -7.569965673610568047e-04 1.780888080596923828e+00 -2.325812354683876038e-03 -1.510778628289699554e-02 1.904780387878417969e+00 2.433124780654907227e-01 2.638603210449218750e+00 1.951789498329162598e+00 1.582077145576477051e+00
1.228521227836608887e+00 2.844701409339904785e-01 -2.056851796805858612e-02 -8.064075955189764500e-04 1.806852579116821289e+00 -2.370894653722643852e-03 -1.520855911076068878e-02 1.919090628623962402e+00 2.562993168830871582e-01 2.657866477966308594e+00 1.972782850265502930e+00 1.600973725318908691e+00
1.231525421142578125e+00 2.926558852195739746e-01 -2.073220536112785339e-02 -8.566745673306286335e-04 1.832936286926269531e+00 -2.415542956441640854e-03 -1.530953124165534973e-02 1.933474659919738770e+00 2.694293260574340820e-01 2.677188396453857422e+00 1.993913292884826660e+00 1.620105385780334473e+00
1.234372019767761230e+00 3.009566664695739746e-01 -2.089833654463291168e-02 -9.090324747376143932e-04 1.859175682067871094e+00 -2.460237825289368629e-03 -1.541239675134420395e-02 1.947894096374511719e+00 2.829394936561584473e-01 2.696691036224365234e+00 2.015295267105102539e+00 1.639657139778137207e+00
1.236222743988037109e+00 3.103485703468322754e-01 -2.108425647020339966e-02 -9.769913740456104279e-04 1.887053728103637695e+00 -2.507280092686414719e-03 -1.553013548254966736e-02 1.962768316268920898e+00 2.994746267795562744e-01 2.717637538909912109e+00 2.038729429244995117e+00 1.662294507026672363e+00
1.237713575363159180e+00 3.197897076606750488e-01 -2.127141132950782776e-02 -1.046517747454345226e-03 1.915317773818969727e+00 -2.554737264290452003e-03 -1.564924046397209167e-02 1.977706193923950195e+00 3.163913190364837646e-01 2.738550186157226562e+00 2.062400341033935547e+00 1.685284852981567383e+00
1.239197134971618652e+00 3.292686343193054199e-01 -2.145901694893836975e-02 -1.116261119022965431e-03 1.943677186965942383e+00 -2.602469176054000854e-03 -1.576865650713443756e-02 1.992676734924316406e+00 3.333752155303955078e-01 2.759490728378295898e+00 2.086127281188964844e+00 1.708319664001464844e+00
1.240671873092651367e+00 3.387165665626525879e-01 -2.164617925882339478e-02 -1.185841276310384274e-03 1.971961259841918945e+00 -2.650008071213960648e-03 -1.588779501616954803e-02 2.007612466812133789e+00 3.503127098083496094e-01 2.780388116836547852e+00 2.109800815582275391e+00 1.731311440467834473e+00
1.242155790328979492e+00 3.481957316398620605e-01 -2.183377929031848907e-02 -1.255579874850809574e-03 2.000320434570312500e+00 -2.697741845622658730e-03 -1.600721105933189392e-02 2.022583007812500000e+00 3.672960996627807617e-01 2.801327705383300781e+00 2.133526563644409180e+00 1.754345178604125977e+00
1.243624448776245117e+00 3.576405644416809082e-01 -2.202106453478336334e-02 -1.325224293395876884e-03 2.028614759445190430e+00 -2.745223464444279671e-03 -1.612643152475357056e-02 2.037528276443481445e+00 3.842397928237915039e-01 2.822245836257934570e+00 2.157219886779785156e+00 1.777365684509277344e+00
1.245398044586181641e+00 3.674040436744689941e-01 -2.220850251615047455e-02 -1.394099905155599117e-03 2.057214260101318359e+00 -2.795828506350517273e-03 -1.624560169875621796e-02 2.052469491958618164e+00 4.013346731662750244e-01 2.842958927154541016e+00 2.180799484252929688e+00 1.799906015396118164e+00
1.247257232666015625e+00 3.772584795951843262e-01 -2.239609509706497192e-02 -1.462803804315626621e-03 2.085909128189086914e+00 -2.847310854122042656e-03 -1.636485382914543152e-02 2.067422389984130859e+00 4.184730350971221924e-01 2.863632917404174805e+00 2.204359531402587891e+00 1.822326540946960449e+00
1.249103307723999023e+00 3.870794177055358887e-01 -2.258334308862686157e-02 -1.531391986645758152e-03 2.114534854888916016e+00 -2.898552920669317245e-03 -1.648388616740703583e-02 2.082348108291625977e+00 4.355686902999877930e-01 2.884280681610107422e+00 2.227880716323852539e+00 1.844725966453552246e+00
1.250962495803833008e+00 3.969336152076721191e-01 -2.277094125747680664e-02 -1.600092276930809021e-03 2.143229961395263672e+00 -2.950036432594060898e-03 -1.660314016044139862e-02 2.097300767898559570e+00 4.527071714401245117e-01 2.904955148696899414e+00 2.251441001892089844e+00 1.867146611213684082e+00
1.252808690071105957e+00 4.067539572715759277e-01 -2.295818924903869629e-02 -1.668679411523044109e-03 2.171855449676513672e+00 -3.001278033480048180e-03 -1.672217622399330139e-02 2.112226486206054688e+00 4.698021411895751953e-01 2.925603389739990234e+00 2.274962425231933594e+00 1.889546036720275879e+00
1.254667758941650391e+00 4.166086316108703613e-01 -2.314578741788864136e-02 -1.737382030114531517e-03 2.200551033020019531e+00 -3.052762709558010101e-03 -1.684143207967281342e-02 2.127179622650146484e+00 4.869413077831268311e-01 2.946277141571044922e+00 2.298522710800170898e+00 1.911966919898986816e+00
1.256517410278320312e+00 4.264308810234069824e-01 -2.333292178809642792e-02 -1.805925043299794197e-03 2.229167461395263672e+00 -3.104044822975993156e-03 -1.696038991212844849e-02 2.142095804214477539e+00 5.040321350097656250e-01 2.966906547546386719e+00 2.322027921676635742e+00 1.934342980384826660e+00
1.258376836776733398e+00 4.362855553627014160e-01 -2.352051623165607452e-02 -1.874626497738063335e-03 2.257862567901611328e+00 -3.155529499053955078e-03 -1.707964204251766205e-02 2.157048702239990234e+00 5.211707353591918945e-01 2.987580776214599609e+00 2.345587968826293945e+00 1.956763386726379395e+00
1.260222792625427246e+00 4.461061358451843262e-01 -2.370777167379856110e-02 -1.943214796483516693e-03 2.286489009857177734e+00 -3.206770867109298706e-03 -1.719868555665016174e-02 2.171974658966064453e+00 5.382662415504455566e-01 3.008229732513427734e+00 2.369110107421875000e+00 1.979163765907287598e+00
1.262053728103637695e+00 4.559168219566345215e-01 -2.389546111226081848e-02 -2.011981792747974396e-03 2.315148830413818359e+00 -3.257834352552890778e-03 -1.731801219284534454e-02 2.186935901641845703e+00 5.553771853446960449e-01 3.028950691223144531e+00 2.392696142196655273e+00 2.001656293869018555e+00
1.263909101486206055e+00 4.657682776451110840e-01 -2.408316172659397125e-02 -2.080725040286779404e-03 2.343851804733276367e+00 -3.309270134195685387e-03 -1.743733510375022888e-02 2.201897382736206055e+00 5.725193619728088379e-01 3.049642562866210938e+00 2.416271686553955078e+00 2.024100303649902344e+00
1.265789628028869629e+00 4.756107926368713379e-01 -2.426942810416221619e-02 -2.148906933143734932e-03 2.372401475906372070e+00 -3.360916860401630402e-03 -1.755571924149990082e-02 2.216743230819702148e+00 5.895792841911315918e-01 3.070126771926879883e+00 2.439648151397705078e+00 2.046289205551147461e+00
1.267625808715820312e+00 4.854198098182678223e-01 -2.445688843727111816e-02 -2.217520028352737427e-03 2.401035308837890625e+00 -3.412092803046107292e-03 -1.767498254776000977e-02 2.231687545776367188e+00 6.066670417785644531e-01 3.090808153152465820e+00 2.463190793991088867e+00 2.068725585937500000e+00
1.269456028938293457e+00 4.951677918434143066e-01 -2.464369498193264008e-02 -2.285791328176856041e-03 2.429534435272216797e+00 -3.462929045781493187e-03 -1.779389753937721252e-02 2.246582508087158203e+00 6.236525774002075195e-01 3.111437320709228516e+00 2.486642837524414062e+00 2.091091156005859375e+00
1.271328806877136230e+00 5.049529671669006348e-01 -2.483063563704490662e-02 -2.353981370106339455e-03 2.458076238632202148e+00 -3.514124779030680656e-03 -1.791289821267127991e-02 2.261488437652587891e+00 6.406512260437011719e-01 3.132064342498779297e+00 2.510095119476318359e+00 2.113413333892822266e+00
1.273187875747680664e+00 5.147036910057067871e-01 -2.501723542809486389e-02 -2.422053366899490356e-03 2.486548900604248047e+00 -3.565076505765318871e-03 -1.803168840706348419e-02 2.276367187500000000e+00 6.576064825057983398e-01 3.152664661407470703e+00 2.533508777618408203e+00 2.135714769363403320e+00
1.274725914001464844e+00 5.239942669868469238e-01 -2.520149946212768555e-02 -2.489628503099083900e-03 2.514352083206176758e+00 -3.612690372392535210e-03 -1.814997196197509766e-02 2.291254043579101562e+00 6.740879416465759277e-01 3.173260688781738281e+00 2.556671142578125000e+00 2.158181905746459961e+00
1.276230335235595703e+00 5.332201123237609863e-01 -2.538524754345417023e-02 -2.557047177106142044e-03 2.542039394378662109e+00 -3.659840207546949387e-03 -1.826799288392066956e-02 2.306112766265869141e+00 6.904934644699096680e-01 3.193827629089355469e+00 2.579776048660278320e+00 2.180635690689086914e+00
1.277746200561523438e+00 5.424769520759582520e-01 -2.556932158768177032e-02 -2.624574583023786545e-03 2.569790601730346680e+00 -3.707210998982191086e-03 -1.838621869683265686e-02 2.320997238159179688e+00 7.069386839866638184e-01 3.214419841766357422e+00 2.602917194366455078e+00 2.203110456466674805e+00
1.278925180435180664e+00 5.500560402870178223e-01 -2.574514411389827728e-02 -2.685452345758676529e-03 2.595256090164184570e+00 -3.744870889931917191e-03 -1.850361004471778870e-02 2.335442543029785156e+00 7.210682034492492676e-01 3.235025405883789062e+00 2.625187158584594727e+00 2.225467205047607422e+00
1.280042886734008789e+00 5.571699738502502441e-01 -2.591749839484691620e-02 -2.743949415162205696e-03 2.619973182678222656e+00 -3.780144965276122093e-03 -1.862006448209285736e-02 2.349675893783569336e+00 7.344839572906494141e-01 3.255458116531372070e+00 2.647045850753784180e+00 2.247562170028686523e+00
1.281135916709899902e+00 5.642865300178527832e-01 -2.609124779701232910e-02 -2.802971284836530685e-03 2.644833326339721680e+00 -3.815176896750926971e-03 -1.873745210468769073e-02 2.364022493362426758e+00 7.479701042175292969e-01 3.276098251342773438e+00 2.669098615646362305e+00 2.269908189773559570e+00
1.282204031944274902e+00 5.713781714439392090e-01 -2.626474015414714813e-02 -2.861996414139866829e-03 2.669646501541137695e+00 -3.849982516840100288e-03 -1.885465905070304871e-02 2.378346443176269531e+00 7.614390254020690918e-01 3.296716928482055664e+00 2.691129207611083984e+00 2.292254209518432617e+00
1.283223271369934082e+00 5.785011649131774902e-01 -2.643869630992412567e-02 -2.921480685472488403e-03 2.694558143615722656e+00 -3.884844016283750534e-03 -1.897216215729713440e-02 2.392706871032714844e+00 7.750033140182495117e-01 3.317375659942626953e+00 2.713239669799804688e+00 2.314704179763793945e+00
1.284232616424560547e+00 5.855919718742370605e-01 -2.661227434873580933e-02 -2.980832708999514580e-03 2.719397068023681641e+00 -3.919476643204689026e-03 -1.908940821886062622e-02 2.407035350799560547e+00 7.885238528251647949e-01 3.338001728057861328e+00 2.735305786132812500e+00 2.337123394012451172e+00
1.284464120864868164e+00 5.914677977561950684e-01 -2.677889540791511536e-02 -3.036655951291322708e-03 2.742365598678588867e+00 -3.947365097701549530e-03 -1.920634321868419647e-02 2.421344995498657227e+00 8.004574179649353027e-01 3.358333110809326172e+00 2.756243467330932617e+00 2.359368801116943359e+00
1.284128665924072266e+00 5.966355204582214355e-01 -2.694025635719299316e-02 -3.091134596616029739e-03 2.764210939407348633e+00 -3.971176687628030777e-03 -1.932270638644695282e-02 2.435703754425048828e+00 8.115162849426269531e-01 3.378390312194824219e+00 2.776543855667114258e+00 2.381547689437866211e+00
1.283532261848449707e+00 6.015755534172058105e-01 -2.709927782416343689e-02 -3.145338036119937897e-03 2.785670042037963867e+00 -3.993790131062269211e-03 -1.943874359130859375e-02 2.450084686279296875e+00 8.223165869712829590e-01 3.398255586624145508e+00 2.796576261520385742e+00 2.403664350509643555e+00
1.282731056213378906e+00 6.065012812614440918e-01 -2.725509181618690491e-02 -3.199561499059200287e-03 2.806887865066528320e+00 -4.016508348286151886e-03 -1.955288648605346680e-02 2.464263916015625000e+00 8.331567645072937012e-01 3.417611122131347656e+00 2.816252231597900391e+00 2.425452947616577148e+00
1.281966924667358398e+00 6.114491820335388184e-01 -2.740975469350814819e-02 -3.253332106396555901e-03 2.828012466430664062e+00 -4.039652645587921143e-03 -1.966625079512596130e-02 2.478349447250366211e+00 8.439559936523437500e-01 3.436777591705322266e+00 2.835761547088623047e+00 2.447003126144409180e+00
1.280855417251586914e+00 6.163004040718078613e-01 -2.756810374557971954e-02 -3.309523686766624451e-03 2.849495887756347656e+00 -4.061023704707622528e-03 -1.978247240185737610e-02 2.492781639099121094e+00 8.550321459770202637e-01 3.456524372100830078e+00 2.855882167816162109e+00 2.469529390335083008e+00
1.279706358909606934e+00 6.211218237876892090e-01 -2.772644162178039551e-02 -3.365835873410105705e-03 2.870954990386962891e+00 -4.082079976797103882e-03 -1.989869028329849243e-02 2.507212638854980469e+00 8.661050200462341309e-01 3.476287841796875000e+00 2.876019954681396484e+00 2.492111206054687500e+00
1.278562068939208984e+00 6.259635090827941895e-01 -2.788502164185047150e-02 -3.422226523980498314e-03 2.892460107803344727e+00 -4.103295505046844482e-03 -2.001509815454483032e-02 2.521667957305908203e+00 8.772031664848327637e-01 3.496071815490722656e+00 2.896182775497436523e+00 2.514710903167724609e+00
1.277413368225097656e+00 6.307860016822814941e-01 -2.804336510598659515e-02 -3.478544531390070915e-03 2.913920164108276367e+00 -4.124354105442762375e-03 -2.013131789863109589e-02 2.536099433898925781e+00 8.882761597633361816e-01 3.515835762023925781e+00 2.916321277618408203e+00 2.537293195724487305e+00
1.276268720626831055e+00 6.356275677680969238e-01 -2.820194512605667114e-02 -3.534936578944325447e-03 2.935425758361816406e+00 -4.145566839724779129e-03 -2.024772576987743378e-02 2.550554752349853516e+00 8.993745446205139160e-01 3.535619735717773438e+00 2.936484813690185547e+00 2.559893369674682617e+00
1.274957180023193359e+00 6.395564675331115723e-01 -2.834862656891345978e-02 -3.586458740755915642e-03 2.954859495162963867e+00 -4.160860087722539902e-03 -2.035598270595073700e-02 2.563883781433105469e+00 9.092852473258972168e-01 3.554235219955444336e+00 2.955268621444702148e+00 2.581408739089965820e+00
1.273591995239257812e+00 6.431483626365661621e-01 -2.849155105650424957e-02 -3.635967615991830826e-03 2.973638772964477539e+00 -4.174294415861368179e-03 -2.046208083629608154e-02 2.576867103576660156e+00 9.187857508659362793e-01 3.572474241256713867e+00 2.973602533340454102e+00 2.602591753005981445e+00
1.272222757339477539e+00 6.467233300209045410e-01 -2.863426320254802704e-02 -3.685413161292672157e-03 2.992377042770385742e+00 -4.187589976936578751e-03 -2.056800760328769684e-02 2.589828968048095703e+00 9.282643795013427734e-01 3.590694904327392578e+00 2.991913318634033203e+00 2.623757600784301758e+00
1.270893573760986328e+00 6.503302454948425293e-01 -2.877590060234069824e-02 -3.734437981620430946e-03 3.011039733886718750e+00 -4.201383329927921295e-03 -2.067320235073566437e-02 2.602703809738159180e+00 9.377129673957824707e-01 3.608731269836425781e+00 3.010064840316772461e+00 2.644688606262207031e+00
1.269528388977050781e+00 6.539221405982971191e-01 -2.891882881522178650e-02 -3.783945692703127861e-03 3.029819250106811523e+00 -4.214821849018335342e-03 -2.077930420637130737e-02 2.615687370300292969e+00 9.472137093544006348e-01 3.626969814300537109e+00 3.028398752212524414e+00 2.665870904922485352e+00
1.268159508705139160e+00 6.574968695640563965e-01 -2.906154096126556396e-02 -3.833393566310405731e-03 3.048558473587036133e+00 -4.228119738399982452e-03 -2.088523656129837036e-02 2.628649711608886719e+00 9.566926360130310059e-01 3.645191192626953125e+00 3.046710491180419922e+00 2.687037467956542969e+00
1.266793727874755859e+00 6.610887646675109863e-01 -2.920446731150150299e-02 -3.882903605699539185e-03 3.067337751388549805e+00 -4.241552669554948807e-03 -2.099133655428886414e-02 2.641633033752441406e+00 9.661934971809387207e-01 3.663430213928222656e+00 3.065044641494750977e+00 2.708221197128295898e+00
1.265424489974975586e+00 6.646636128425598145e-01 -2.934718504548072815e-02 -3.932349383831024170e-03 3.086076974868774414e+00 -4.254850093275308609e-03 -2.109726704657077789e-02 2.654595375061035156e+00 9.756724238395690918e-01 3.681651592254638672e+00 3.083355903625488281e+00 2.729387998580932617e+00
1.264059066772460938e+00 6.682551503181457520e-01 -2.949010953307151794e-02 -3.981860354542732239e-03 3.104856729507446289e+00 -4.268284887075424194e-03 -2.120336517691612244e-02 2.667579174041748047e+00 9.851735234260559082e-01 3.699890375137329102e+00 3.101690292358398438e+00 2.750571489334106445e+00
1.262689948081970215e+00 6.718296408653259277e-01 -2.963282354176044464e-02 -4.031306132674217224e-03 3.123595237731933594e+00 -4.281581379473209381e-03 -2.130929753184318542e-02 2.680541038513183594e+00 9.946520924568176270e-01 3.718111991882324219e+00 3.120001316070556641e+00 2.771738529205322266e+00
1.261324524879455566e+00 6.754218935966491699e-01 -2.977574989199638367e-02 -4.080816172063350677e-03 3.142375230789184570e+00 -4.295018035918474197e-03 -2.141539566218852997e-02 2.693524360656738281e+00 1.004153251647949219e+00 3.736350059509277344e+00 3.138335704803466797e+00 2.792921304702758789e+00
1.259955167770385742e+00 6.789965033531188965e-01 -2.991846576333045959e-02 -4.130262881517410278e-03 3.161113500595092773e+00 -4.308313131332397461e-03 -2.152132429182529449e-02 2.706486463546752930e+00 1.013631820678710938e+00 3.754571199417114258e+00 3.156646728515625000e+00 2.814088582992553711e+00
1.258625984191894531e+00 6.826031804084777832e-01 -3.006010316312313080e-02 -4.179283045232295990e-03 3.179775953292846680e+00 -4.322107881307601929e-03 -2.162651903927326202e-02 2.719361305236816406e+00 1.023080110549926758e+00 3.772607326507568359e+00 3.174798011779785156e+00 2.835017919540405273e+00
1.257934331893920898e+00 6.863762736320495605e-01 -3.020299784839153290e-02 -4.228876437991857529e-03 3.197807073593139648e+00 -4.335750360041856766e-03 -2.173261530697345734e-02 2.732301712036132812e+00 1.032661199569702148e+00 3.790886640548706055e+00 3.193221569061279297e+00 2.856158971786499023e+00
1.257358193397521973e+00 6.899592280387878418e-01 -3.034086897969245911e-02 -4.276574589312076569e-03 3.215012311935424805e+00 -4.348201677203178406e-03 -2.183482795953750610e-02 2.744780540466308594e+00 1.041815638542175293e+00 3.808609724044799805e+00 3.211013317108154297e+00 2.876609802246093750e+00
1.256800651550292969e+00 6.934766173362731934e-01 -3.047691471874713898e-02 -4.323546309024095535e-03 3.231966972351074219e+00 -4.360341466963291168e-03 -2.193563617765903473e-02 2.757095336914062500e+00 1.050816297531127930e+00 3.826119422912597656e+00 3.228563785552978516e+00 2.896791219711303711e+00
1.256236910820007324e+00 6.969773173332214355e-01 -3.061276115477085114e-02 -4.370467271655797958e-03 3.248884916305541992e+00 -4.372341558337211609e-03 -2.203628979623317719e-02 2.769390821456909180e+00 1.059795856475830078e+00 3.843613624572753906e+00 3.246093273162841797e+00 2.916959524154663086e+00
1.255679368972778320e+00 7.004948258399963379e-01 -3.074880503118038177e-02 -4.417447838932275772e-03 3.265839815139770508e+00 -4.384479485452175140e-03 -2.213709615170955658e-02 2.781706333160400391e+00 1.068796873092651367e+00 3.861123561859130859e+00 3.263644218444824219e+00 2.937141895294189453e+00
1.255115151405334473e+00 7.039948105812072754e-01 -3.088464587926864624e-02 -4.464365076273679733e-03 3.282756567001342773e+00 -4.396473523229360580e-03 -2.223774231970310211e-02 2.794001102447509766e+00 1.077775716781616211e+00 3.878617048263549805e+00 3.281173229217529297e+00 2.957309484481811523e+00
1.254557609558105469e+00 7.075125575065612793e-01 -3.102068416774272919e-02 -4.511340521275997162e-03 3.299710512161254883e+00 -4.408613312989473343e-03 -2.233854681253433228e-02 2.806316375732421875e+00 1.086776375770568848e+00 3.896125793457031250e+00 3.298722982406616211e+00 2.977490663528442383e+00
1.253993988037109375e+00 7.110133767127990723e-01 -3.115653619170188904e-02 -4.558261018246412277e-03 3.316629409790039062e+00 -4.420615267008543015e-03 -2.243920229375362396e-02 2.818612575531005859e+00 1.095756530761718750e+00 3.913620948791503906e+00 3.316253423690795898e+00 2.997659921646118164e+00
1.253474950790405273e+00 7.145621180534362793e-01 -3.129147365689277649e-02 -4.604805260896682739e-03 3.333504915237426758e+00 -4.433244001120328903e-03 -2.253925055265426636e-02 2.830837965011596680e+00 1.104723930358886719e+00 3.930941581726074219e+00 3.333639860153198242e+00 3.017600297927856445e+00
1.252911090850830078e+00 7.180625796318054199e-01 -3.142732754349708557e-02 -4.651726223528385162e-03 3.350424528121948242e+00 -4.445246886461973190e-03 -2.263990975916385651e-02 2.843133926391601562e+00 1.113704442977905273e+00 3.948436737060546875e+00 3.351170539855957031e+00 3.037770032882690430e+00
1.252346992492675781e+00 7.215625643730163574e-01 -3.156317397952079773e-02 -4.698646720498800278e-03 3.367341756820678711e+00 -4.457242786884307861e-03 -2.274055965244770050e-02 2.855429649353027344e+00 1.122683763504028320e+00 3.965930938720703125e+00 3.368699789047241211e+00 3.057938337326049805e+00
1.251789689064025879e+00 7.250800728797912598e-01 -3.169921040534973145e-02 -4.745622631162405014e-03 3.384295940399169922e+00 -4.469381645321846008e-03 -2.284136414527893066e-02 2.867744445800781250e+00 1.131684303283691406e+00 3.983439922332763672e+00 3.386249780654907227e+00 3.078119516372680664e+00
1.251226067543029785e+00 7.285811305046081543e-01 -3.183506056666374207e-02 -4.792540799826383591e-03 3.401215076446533203e+00 -4.481386858969926834e-03 -2.294201962649822235e-02 2.880040168762207031e+00 1.140664339065551758e+00 4.000934123992919922e+00 3.403779506683349609e+00 3.098287820816040039e+00
1.250590324401855469e+00 7.320205569267272949e-01 -3.197227045893669128e-02 -4.840070847421884537e-03 3.418209075927734375e+00 -4.492531996220350266e-03 -2.304358221590518951e-02 2.892443656921386719e+00 1.149679183959960938e+00 4.018674850463867188e+00 3.421523094177246094e+00 3.118793725967407227e+00
1.249227643013000488e+00 7.347404360771179199e-01 -3.211938217282295227e-02 -4.892482422292232513e-03 3.435502767562866211e+00 -4.494686145335435867e-03 -2.315159328281879425e-02 2.905593872070312500e+00 1.158809065818786621e+00 4.038414478302001953e+00 3.440936803817749023e+00 3.142154455184936523e+00
1.247871041297912598e+00 7.374780774116516113e-01 -3.226668015122413635e-02 -4.944946151226758957e-03 3.452832221984863281e+00 -4.496987909078598022e-03 -2.325975149869918823e-02 2.918763160705566406e+00 1.167960405349731445e+00 4.058167457580566406e+00 3.460369110107421875e+00 3.165525674819946289e+00
1.246508121490478516e+00 7.401985526084899902e-01 -3.241381421685218811e-02 -4.997368436306715012e-03 3.470128297805786133e+00 -4.499142523854970932e-03 -2.336777560412883759e-02 2.931914806365966797e+00 1.177091836929321289e+00 4.077909469604492188e+00 3.479785680770874023e+00 3.188889980316162109e+00
1.245204091072082520e+00 7.429808974266052246e-01 -3.255979344248771667e-02 -5.049298983067274094e-03 3.487371444702148438e+00 -4.502112045884132385e-03 -2.347504161298274994e-02 2.944977760314941406e+00 1.186207890510559082e+00 4.097431659698486328e+00 3.499018669128417969e+00 3.211961984634399414e+00
1.243841290473937988e+00 7.457010149955749512e-01 -3.270690515637397766e-02 -5.101713817566633224e-03 3.504665851593017578e+00 -4.504271782934665680e-03 -2.358305640518665314e-02 2.958128452301025391e+00 1.195338487625122070e+00 4.117171287536621094e+00 3.518432855606079102e+00 3.235322713851928711e+00
1.242478370666503906e+00 7.484216094017028809e-01 -3.285403922200202942e-02 -5.154130514711141586e-03 3.521961450576782227e+00 -4.506426863372325897e-03 -2.369107864797115326e-02 2.971280097961425781e+00 1.204469561576843262e+00 4.136912345886230469e+00 3.537848472595214844e+00 3.258686065673828125e+00
1.241121530532836914e+00 7.511590123176574707e-01 -3.300132974982261658e-02 -5.206600297242403030e-03 3.539290189743041992e+00 -4.508723039180040359e-03 -2.379923313856124878e-02 2.984448909759521484e+00 1.213620543479919434e+00 4.156665325164794922e+00 3.557281017303466797e+00 3.282058000564575195e+00
1.239758729934692383e+00 7.538790106773376465e-01 -3.314845263957977295e-02 -5.259014200419187546e-03 3.556584119796752930e+00 -4.510879982262849808e-03 -2.390724793076515198e-02 2.997599601745605469e+00 1.222751021385192871e+00 4.176405429840087891e+00 3.576694965362548828e+00 3.305419206619262695e+00
1.238402366638183594e+00 7.566156983375549316e-01 -3.329575061798095703e-02 -5.311478395015001297e-03 3.573913812637329102e+00 -4.513177555054426193e-03 -2.401541173458099365e-02 3.010768413543701172e+00 1.231902122497558594e+00 4.196158409118652344e+00 3.596127986907958984e+00 3.328791379928588867e+00
1.237039566040039062e+00 7.593358159065246582e-01 -3.344287723302841187e-02 -5.363894626498222351e-03 3.591208219528198242e+00 -4.515333101153373718e-03 -2.412342652678489685e-02 3.023919582366943359e+00 1.241032838821411133e+00 4.215899467468261719e+00 3.615542888641357422e+00 3.352153778076171875e+00
1.235682964324951172e+00 7.620735764503479004e-01 -3.359018266201019287e-02 -5.416362080723047256e-03 3.608538627624511719e+00 -4.517630673944950104e-03 -2.423159033060073853e-02 3.037089824676513672e+00 1.250184416770935059e+00 4.235653877258300781e+00 3.634976625442504883e+00 3.375527143478393555e+00
1.234319925308227539e+00 7.647932171821594238e-01 -3.373729810118675232e-02 -5.468777380883693695e-03 3.625832319259643555e+00 -4.519784357398748398e-03 -2.433960139751434326e-02 3.050239562988281250e+00 1.259314656257629395e+00 4.255393505096435547e+00 3.654390811920166016e+00 3.398888349533081055e+00
1.233016133308410645e+00 7.675771117210388184e-01 -3.388328850269317627e-02 -5.520714446902275085e-03 3.643077850341796875e+00 -4.522759933024644852e-03 -2.444687485694885254e-02 3.063303947448730469e+00 1.268431782722473145e+00 4.274916648864746094e+00 3.673626184463500977e+00 3.421961545944213867e+00
1.231653451919555664e+00 7.702969908714294434e-01 -3.403040394186973572e-02 -5.573128350079059601e-03 3.660372018814086914e+00 -4.524917341768741608e-03 -2.455489337444305420e-02 3.076454877853393555e+00 1.277562260627746582e+00 4.294656753540039062e+00 3.693040370941162109e+00 3.445323228836059570e+00
1.229992270469665527e+00 7.720628380775451660e-01 -3.416126593947410583e-02 -5.620663054287433624e-03 3.675129175186157227e+00 -4.520292393863201141e-03 -2.465042844414710999e-02 3.088064670562744141e+00 1.285308718681335449e+00 4.312702655792236328e+00 3.710563898086547852e+00 3.467016696929931641e+00
1.227859497070312500e+00 7.723173499107360840e-01 -3.426624089479446411e-02 -5.660423077642917633e-03 3.685854196548461914e+00 -4.504938144236803055e-03 -2.472611144185066223e-02 3.097223281860351562e+00 1.290856480598449707e+00 4.328046321868896484e+00 3.725076675415039062e+00 3.486047029495239258e+00
1.225722551345825195e+00 7.725614905357360840e-01 -3.437116369605064392e-02 -5.700174253433942795e-03 3.696563720703125000e+00 -4.489492624998092651e-03 -2.480174414813518524e-02 3.106375694274902344e+00 1.296394467353820801e+00 4.343390464782714844e+00 3.739585399627685547e+00 3.505080223083496094e+00
1.223590254783630371e+00 7.728163599967956543e-01 -3.447614610195159912e-02 -5.739931948482990265e-03 3.707289457321166992e+00 -4.474140238016843796e-03 -2.487743087112903595e-02 3.115534067153930664e+00 1.301942706108093262e+00 4.358734130859375000e+00 3.754098176956176758e+00 3.524110555648803711e+00
1.221453070640563965e+00 7.730602622032165527e-01 -3.458106517791748047e-02 -5.779682192951440811e-03 3.717998743057250977e+00 -4.458695650100708008e-03 -2.495306357741355896e-02 3.124686241149902344e+00 1.307480692863464355e+00 4.374077796936035156e+00 3.768606901168823242e+00 3.543143510818481445e+00
1.219320654869079590e+00 7.733148932456970215e-01 -3.468604385852813721e-02 -5.819443147629499435e-03 3.728723764419555664e+00 -4.443340934813022614e-03 -2.502874843776226044e-02 3.133845329284667969e+00 1.313028216361999512e+00 4.389421939849853516e+00 3.783119678497314453e+00 3.562174320220947266e+00
1.217183709144592285e+00 7.735591530799865723e-01 -3.479095920920372009e-02 -5.859193857759237289e-03 3.739433288574218750e+00 -4.427898209542036057e-03 -2.510437741875648499e-02 3.142996788024902344e+00 1.318566203117370605e+00 4.404765129089355469e+00 3.797627687454223633e+00 3.581206321716308594e+00
1.215100884437561035e+00 7.738588452339172363e-01 -3.489473834633827209e-02 -5.898470524698495865e-03 3.750085115432739258e+00 -4.413194488734006882e-03 -2.517925389111042023e-02 3.152060270309448242e+00 1.324085593223571777e+00 4.419896125793457031e+00 3.811959028244018555e+00 3.599960088729858398e+00
1.212939023971557617e+00 7.740868926048278809e-01 -3.500028699636459351e-02 -5.938478745520114899e-03 3.760841608047485352e+00 -4.397481679916381836e-03 -2.525532431900501251e-02 3.161263465881347656e+00 1.329646944999694824e+00 4.435344696044921875e+00 3.826561689376831055e+00 3.619131088256835938e+00
1.210781693458557129e+00 7.743255496025085449e-01 -3.510588407516479492e-02 -5.978497210890054703e-03 3.771612405776977539e+00 -4.381861072033643723e-03 -2.533143386244773865e-02 3.170472621917724609e+00 1.335217237472534180e+00 4.450790405273437500e+00 3.841165781021118164e+00 3.638296842575073242e+00
1.208619952201843262e+00 7.745539546012878418e-01 -3.521142154932022095e-02 -6.018507294356822968e-03 3.782367944717407227e+00 -4.366151988506317139e-03 -2.540749497711658478e-02 3.179675102233886719e+00 1.340778470039367676e+00 4.466237068176269531e+00 3.855766534805297852e+00 3.657466411590576172e+00
1.206458330154418945e+00 7.747824788093566895e-01 -3.531696274876594543e-02 -6.058516446501016617e-03 3.793124198913574219e+00 -4.350439179688692093e-03 -2.548355981707572937e-02 3.188878536224365234e+00 1.346339106559753418e+00 4.481684207916259766e+00 3.870368242263793945e+00 3.676636695861816406e+00
1.204300642013549805e+00 7.750204205513000488e-01 -3.542255982756614685e-02 -6.098540965467691422e-03 3.803895950317382812e+00 -4.334818571805953979e-03 -2.555967681109905243e-02 3.198088407516479492e+00 1.351909875869750977e+00 4.497131824493408203e+00 3.884973764419555664e+00 3.695803880691528320e+00
1.202139616012573242e+00 7.752496600151062012e-01 -3.552808612585067749e-02 -6.138550117611885071e-03 3.814651012420654297e+00 -4.319111816585063934e-03 -2.563573233783245087e-02 3.207290649414062500e+00 1.357470631599426270e+00 4.512576580047607422e+00 3.899573802947998047e+00 3.714971303939819336e+00
1.199981689453125000e+00 7.754887938499450684e-01 -3.563368692994117737e-02 -6.178573239594697952e-03 3.825423240661621094e+00 -4.303493537008762360e-03 -2.571185119450092316e-02 3.216500043869018555e+00 1.363042116165161133e+00 4.528023719787597656e+00 3.914179801940917969e+00 3.734139442443847656e+00
1.197820305824279785e+00 7.757169604301452637e-01 -3.573923185467720032e-02 -6.218582391738891602e-03 3.836179018020629883e+00 -4.287782590836286545e-03 -2.578791603446006775e-02 3.225703239440917969e+00 1.368602514266967773e+00 4.543471336364746094e+00 3.928780794143676758e+00 3.753308534622192383e+00
1.195716261863708496e+00 7.760034203529357910e-01 -3.584351763129234314e-02 -6.258078850805759430e-03 3.846868753433227539e+00 -4.272857680916786194e-03 -2.586314827203750610e-02 3.234808921813964844e+00 1.374140858650207520e+00 4.558687686920166016e+00 3.943188905715942383e+00 3.772175788879394531e+00
1.193555116653442383e+00 7.762317061424255371e-01 -3.594906255602836609e-02 -6.298082880675792694e-03 3.857625246047973633e+00 -4.257147666066884995e-03 -2.593921124935150146e-02 3.244011878967285156e+00 1.379701972007751465e+00 4.574135303497314453e+00 3.957789897918701172e+00 3.791345357894897461e+00
1.191397547721862793e+00 7.764708399772644043e-01 -3.605465218424797058e-02 -6.338109727948904037e-03 3.868396043777465820e+00 -4.241526592522859573e-03 -2.601532079279422760e-02 3.253220796585083008e+00 1.385272741317749023e+00 4.589581489562988281e+00 3.972395181655883789e+00 3.810511827468872070e+00
1.189235925674438477e+00 7.766992449760437012e-01 -3.616019338369369507e-02 -6.378119811415672302e-03 3.879151582717895508e+00 -4.225815646350383759e-03 -2.609138190746307373e-02 3.262423515319824219e+00 1.390833616256713867e+00 4.605028152465820312e+00 3.986996173858642578e+00 3.829681158065795898e+00
1.187074184417724609e+00 7.769274115562438965e-01 -3.626573458313941956e-02 -6.418126635253429413e-03 3.889908075332641602e+00 -4.210104700177907944e-03 -2.616744488477706909e-02 3.271626472473144531e+00 1.396394610404968262e+00 4.620474815368652344e+00 4.001597404479980469e+00 3.848850965499877930e+00
1.184906125068664551e+00 7.771646380424499512e-01 -3.637137636542320251e-02 -6.458220537751913071e-03 3.900684595108032227e+00 -4.194445908069610596e-03 -2.624360658228397369e-02 3.280845642089843750e+00 1.401973009109497070e+00 4.635931015014648438e+00 4.016212940216064453e+00 3.868038415908813477e+00
1.182621717453002930e+00 7.773714661598205566e-01 -3.647750243544578552e-02 -6.498993374407291412e-03 3.911502599716186523e+00 -4.178240895271301270e-03 -2.632021158933639526e-02 3.290160655975341797e+00 1.407616615295410156e+00 4.651486396789550781e+00 4.030938625335693359e+00 3.887448072433471680e+00
1.180341839790344238e+00 7.775904536247253418e-01 -3.658367693424224854e-02 -6.539784371852874756e-03 3.922336339950561523e+00 -4.162133205682039261e-03 -2.639686688780784607e-02 3.299482345581054688e+00 1.413271307945251465e+00 4.667041778564453125e+00 4.045668601989746094e+00 3.906855821609497070e+00
1.178056955337524414e+00 7.777976393699645996e-01 -3.668979182839393616e-02 -6.580561399459838867e-03 3.933153390884399414e+00 -4.145925398916006088e-03 -2.647346630692481995e-02 3.308796882629394531e+00 1.418915271759033203e+00 4.682596683502197266e+00 4.060394287109375000e+00 3.926266431808471680e+00
1.175835132598876953e+00 7.780649065971374512e-01 -3.679465129971504211e-02 -6.620795466005802155e-03 3.943904161453247070e+00 -4.130529705435037613e-03 -2.654922753572463989e-02 3.318011283874511719e+00 1.424534201622009277e+00 4.697918415069580078e+00 4.074922561645507812e+00 3.945365667343139648e+00
1.173551082611083984e+00 7.782728075981140137e-01 -3.690077364444732666e-02 -6.661574821919202805e-03 3.954722166061401367e+00 -4.114328417927026749e-03 -2.662583068013191223e-02 3.327325344085693359e+00 1.430178761482238770e+00 4.713473796844482422e+00 4.089648723602294922e+00 3.964775800704956055e+00
1.171270728111267090e+00 7.784907221794128418e-01 -3.700694069266319275e-02 -6.702364422380924225e-03 3.965554952621459961e+00 -4.098215606063604355e-03 -2.670248225331306458e-02 3.336646080017089844e+00 1.435832500457763672e+00 4.729028224945068359e+00 4.104377746582031250e+00 3.984183073043823242e+00
1.168986201286315918e+00 7.786977887153625488e-01 -3.711305558681488037e-02 -6.743138656020164490e-03 3.976371526718139648e+00 -4.082008730620145798e-03 -2.677908167243003845e-02 3.345960617065429688e+00 1.441475749015808105e+00 4.744583129882812500e+00 4.119102954864501953e+00 4.003593444824218750e+00
1.166701912879943848e+00 7.789058089256286621e-01 -3.721918538212776184e-02 -6.783911027014255524e-03 3.987190485000610352e+00 -4.065807908773422241e-03 -2.685569040477275848e-02 3.355276584625244141e+00 1.447120666503906250e+00 4.760138511657714844e+00 4.133829593658447266e+00 4.023004055023193359e+00
1.164422512054443359e+00 7.791239619255065918e-01 -3.732534870505332947e-02 -6.824700627475976944e-03 3.998023271560668945e+00 -4.049700219184160233e-03 -2.693234197795391083e-02 3.364597320556640625e+00 1.452774286270141602e+00 4.775692939758300781e+00 4.148558139801025391e+00 4.042409896850585938e+00
1.162137627601623535e+00 7.793317437171936035e-01 -3.743147104978561401e-02 -6.865479983389377594e-03 4.008841037750244141e+00 -4.033495672047138214e-03 -2.700894512236118317e-02 3.373911857604980469e+00 1.458418846130371094e+00 4.791248321533203125e+00 4.163284301757812500e+00 4.061820983886718750e+00
1.159858107566833496e+00 7.795502543449401855e-01 -3.753764554858207703e-02 -6.906264927238225937e-03 4.019673824310302734e+00 -4.017387982457876205e-03 -2.708559669554233551e-02 3.383233070373535156e+00 1.464072585105895996e+00 4.806803226470947266e+00 4.178013324737548828e+00 4.081226825714111328e+00
1.157573580741882324e+00 7.797581553459167480e-01 -3.764376416802406311e-02 -6.947046145796775818e-03 4.030492305755615234e+00 -4.001185763627290726e-03 -2.716220170259475708e-02 3.392547845840454102e+00 1.469717502593994141e+00 4.822358131408691406e+00 4.192739486694335938e+00 4.100637912750244141e+00
1.155351638793945312e+00 7.800245881080627441e-01 -3.774861618876457214e-02 -6.987276021391153336e-03 4.041241645812988281e+00 -3.985788673162460327e-03 -2.723795920610427856e-02 3.401761531829833984e+00 1.475335955619812012e+00 4.837678909301757812e+00 4.207267284393310547e+00 4.119736671447753906e+00
1.152824282646179199e+00 7.805814146995544434e-01 -3.785487264394760132e-02 -7.028912194073200226e-03 4.051995277404785156e+00 -3.969028592109680176e-03 -2.731471695005893707e-02 3.410543441772460938e+00 1.480278849601745605e+00 4.853404045104980469e+00 4.222144126892089844e+00 4.138965606689453125e+00
1.150097370147705078e+00 7.814304232597351074e-01 -3.796125948429107666e-02 -7.071267347782850266e-03 4.062707424163818359e+00 -3.951889928430318832e-03 -2.739163488149642944e-02 3.418895959854125977e+00 1.484662652015686035e+00 4.869259834289550781e+00 4.237144947052001953e+00 4.158045291900634766e+00
1.147366166114807129e+00 7.822690606117248535e-01 -3.806760162115097046e-02 -7.113612722605466843e-03 4.073405265808105469e+00 -3.934659995138645172e-03 -2.746850624680519104e-02 3.427244186401367188e+00 1.489038109779357910e+00 4.885116577148437500e+00 4.252143383026123047e+00 4.177128791809082031e+00
1.144639134407043457e+00 7.831184267997741699e-01 -3.817399218678474426e-02 -7.155976258218288422e-03 4.084117889404296875e+00 -3.917519468814134598e-03 -2.754542790353298187e-02 3.435596704483032227e+00 1.493422150611877441e+00 4.900972843170166016e+00 4.267145156860351562e+00 4.196209430694580078e+00
1.141906499862670898e+00 7.839570641517639160e-01 -3.828032314777374268e-02 -7.198320236057043076e-03 4.094814777374267578e+00 -3.900292329490184784e-03 -2.762229554355144501e-02 3.443943500518798828e+00 1.497797489166259766e+00 4.916827678680419922e+00 4.282141685485839844e+00 4.215291500091552734e+00
1.139157414436340332e+00 7.847980856895446777e-01 -3.838670253753662109e-02 -7.240756414830684662e-03 4.105521202087402344e+00 -3.883042139932513237e-03 -2.769924141466617584e-02 3.452297687530517578e+00 1.502181053161621094e+00 4.932689666748046875e+00 4.297151088714599609e+00 4.234395980834960938e+00
1.136411547660827637e+00 7.856493592262268066e-01 -3.849314525723457336e-02 -7.283203303813934326e-03 4.116242408752441406e+00 -3.865877864882349968e-03 -2.777623757719993591e-02 3.460655212402343750e+00 1.506572961807250977e+00 4.948551177978515625e+00 4.312165260314941406e+00 4.253497600555419922e+00
1.133661270141601562e+00 7.864908576011657715e-01 -3.859953582286834717e-02 -7.325643207877874374e-03 4.126949310302734375e+00 -3.848618827760219574e-03 -2.785319276154041290e-02 3.469009637832641602e+00 1.510956645011901855e+00 4.964414119720458984e+00 4.327175617218017578e+00 4.272604465484619141e+00
1.130978107452392578e+00 7.873825430870056152e-01 -3.870464116334915161e-02 -7.367519196122884750e-03 4.137587070465087891e+00 -3.832173300907015800e-03 -2.792928367853164673e-02 3.477271080017089844e+00 1.515327930450439453e+00 4.980037689208984375e+00 4.341984748840332031e+00 4.291401386260986328e+00
1.128227591514587402e+00 7.882229685783386230e-01 -3.881103545427322388e-02 -7.409960031509399414e-03 4.148292541503906250e+00 -3.814911236986517906e-03 -2.800623141229152679e-02 3.485624074935913086e+00 1.519711256027221680e+00 4.995901107788085938e+00 4.356995105743408203e+00 4.310508251190185547e+00
1.125481963157653809e+00 7.890743613243103027e-01 -3.891746699810028076e-02 -7.452407851815223694e-03 4.159013748168945312e+00 -3.797747893258929253e-03 -2.808322757482528687e-02 3.493982791900634766e+00 1.524103403091430664e+00 5.011762619018554688e+00 4.372009277343750000e+00 4.329609394073486328e+00
1.122731447219848633e+00 7.899145483970642090e-01 -3.902385756373405457e-02 -7.494846358895301819e-03 4.169719696044921875e+00 -3.780486993491649628e-03 -2.816017530858516693e-02 3.502335786819458008e+00 1.528486609458923340e+00 5.027625083923339844e+00 4.387019157409667969e+00 4.348716259002685547e+00
1.119985342025756836e+00 7.907661795616149902e-01 -3.913030028343200684e-02 -7.537296973168849945e-03 4.180441856384277344e+00 -3.763319691643118858e-03 -2.823717705905437469e-02 3.510694980621337891e+00 1.532879114151000977e+00 5.043487548828125000e+00 4.402033805847167969e+00 4.367818832397460938e+00
1.117211222648620605e+00 7.916037440299987793e-01 -3.923689574003219604e-02 -7.579887751489877701e-03 4.191165924072265625e+00 -3.745942609384655952e-03 -2.831430546939373016e-02 3.519064426422119141e+00 1.537272095680236816e+00 5.059386253356933594e+00 4.417081832885742188e+00 4.386983394622802734e+00
1.114404320716857910e+00 7.924358248710632324e-01 -3.934379667043685913e-02 -7.622689008712768555e-03 4.201912403106689453e+00 -3.728390904143452644e-03 -2.839166857302188873e-02 3.527455806732177734e+00 1.541677474975585938e+00 5.075334072113037109e+00 4.432181358337402344e+00 4.406227588653564453e+00
1.113182663917541504e+00 7.939581274986267090e-01 -3.945156559348106384e-02 -7.666037883609533310e-03 4.212399959564208984e+00 -3.717446234077215195e-03 -2.847053669393062592e-02 3.537033081054687500e+00 1.544980168342590332e+00 5.092211246490478516e+00 4.446597576141357422e+00 4.423772335052490234e+00
1.113170385360717773e+00 7.959925532341003418e-01 -3.955993801355361938e-02 -7.709797471761703491e-03 4.222661495208740234e+00 -3.711409401148557663e-03 -2.855047583580017090e-02 3.547512531280517578e+00 1.547419905662536621e+00 5.109805583953857422e+00 4.460484981536865234e+00 4.440021991729736328e+00
1.113183140754699707e+00 7.980595231056213379e-01 -3.966699168086051941e-02 -7.752965670078992844e-03 4.232861518859863281e+00 -3.706015180796384811e-03 -2.862950973212718964e-02 3.557867765426635742e+00 1.549877285957336426e+00 5.127132892608642578e+00 4.474186420440673828e+00 4.456005573272705078e+00
1.113160610198974609e+00 8.000915646553039551e-01 -3.977581486105918884e-02 -7.796970661729574203e-03 4.243151187896728516e+00 -3.699820488691329956e-03 -2.870979160070419312e-02 3.568394184112548828e+00 1.552315831184387207e+00 5.144815444946289062e+00 4.488137245178222656e+00 4.472340106964111328e+00
1.112581014633178711e+00 8.014792799949645996e-01 -3.987494483590126038e-02 -7.840433157980442047e-03 4.251821517944335938e+00 -3.687952179461717606e-03 -2.878337539732456207e-02 3.578163862228393555e+00 1.553986787796020508e+00 5.161650657653808594e+00 4.501111507415771484e+00 4.488122940063476562e+00
1.111986517906188965e+00 8.028458952903747559e-01 -3.997394815087318420e-02 -7.883915677666664124e-03 4.260456085205078125e+00 -3.675870830193161964e-03 -2.885686978697776794e-02 3.587924957275390625e+00 1.555636644363403320e+00 5.178488731384277344e+00 4.514078140258789062e+00 4.503915309906005859e+00
1.111395239830017090e+00 8.042210936546325684e-01 -4.007298871874809265e-02 -7.927406579256057739e-03 4.269102096557617188e+00 -3.663868177682161331e-03 -2.893039397895336151e-02 3.597688674926757812e+00 1.557293415069580078e+00 5.195324420928955078e+00 4.527046203613281250e+00 4.519703388214111328e+00
1.110800743103027344e+00 8.055865168571472168e-01 -4.017198830842971802e-02 -7.970891892910003662e-03 4.277735710144042969e+00 -3.651784034445881844e-03 -2.900388464331626892e-02 3.607449531555175781e+00 1.558942794799804688e+00 5.212162494659423828e+00 4.540011405944824219e+00 4.535496234893798828e+00
1.110206127166748047e+00 8.069531321525573730e-01 -4.027099907398223877e-02 -8.014374412596225739e-03 4.286369323730468750e+00 -3.639700356870889664e-03 -2.907737344503402710e-02 3.617209911346435547e+00 1.560592174530029297e+00 5.229000091552734375e+00 4.552978515625000000e+00 4.551289081573486328e+00
1.109614968299865723e+00 8.083285689353942871e-01 -4.037003964185714722e-02 -8.057863451540470123e-03 4.295016765594482422e+00 -3.627703059464693069e-03 -2.915090695023536682e-02 3.626974582672119141e+00 1.562249541282653809e+00 5.245836734771728516e+00 4.565946102142333984e+00 4.567078113555908203e+00
1.109020471572875977e+00 8.096947073936462402e-01 -4.046905040740966797e-02 -8.101354353129863739e-03 4.303650856018066406e+00 -3.615615190938115120e-03 -2.922439575195312500e-02 3.636735677719116211e+00 1.563898801803588867e+00 5.262675285339355469e+00 4.578913211822509766e+00 4.582871913909912109e+00
1.108456254005432129e+00 8.110989928245544434e-01 -4.056678712368011475e-02 -8.144239895045757294e-03 4.312233924865722656e+00 -3.604227211326360703e-03 -2.929700724780559540e-02 3.646373987197875977e+00 1.565572023391723633e+00 5.279248237609863281e+00 4.591697692871093750e+00 4.598397731781005859e+00
1.107861399650573730e+00 8.124646544456481934e-01 -4.066578671336174011e-02 -8.187723346054553986e-03 4.320867538452148438e+00 -3.592143068090081215e-03 -2.937049791216850281e-02 3.656134843826293945e+00 1.567221164703369141e+00 5.296085834503173828e+00 4.604663372039794922e+00 4.614190578460693359e+00
1.107270240783691406e+00 8.138405680656433105e-01 -4.076483473181724548e-02 -8.231216110289096832e-03 4.329514026641845703e+00 -3.580142278224229813e-03 -2.944402396678924561e-02 3.665899753570556641e+00 1.568878650665283203e+00 5.312922954559326172e+00 4.617632389068603516e+00 4.629979133605957031e+00
1.106675624847412109e+00 8.152064681053161621e-01 -4.086383432149887085e-02 -8.274696767330169678e-03 4.338147163391113281e+00 -3.568058600649237633e-03 -2.951750904321670532e-02 3.675659179687500000e+00 1.570527672767639160e+00 5.329759597778320312e+00 4.630597114562988281e+00 4.645771503448486328e+00
1.106084585189819336e+00 8.165819048881530762e-01 -4.096288606524467468e-02 -8.318192325532436371e-03 4.346794605255126953e+00 -3.556057810783386230e-03 -2.959104441106319427e-02 3.685425043106079102e+00 1.572184920310974121e+00 5.346596717834472656e+00 4.643566608428955078e+00 4.661560058593750000e+00
1.105489850044250488e+00 8.179478049278259277e-01 -4.106188192963600159e-02 -8.361672051250934601e-03 4.355427742004394531e+00 -3.543975297361612320e-03 -2.966452762484550476e-02 3.695184230804443359e+00 1.573834180831909180e+00 5.363432884216308594e+00 4.656530857086181641e+00 4.677351474761962891e+00
1.104899048805236816e+00 8.193241953849792480e-01 -4.116092249751091003e-02 -8.405167609453201294e-03 4.364075660705566406e+00 -3.531979862600564957e-03 -2.973805554211139679e-02 3.704949855804443359e+00 1.575491905212402344e+00 5.380269527435302734e+00 4.669500350952148438e+00 4.693139553070068359e+00
1.104304432868957520e+00 8.206900954246520996e-01 -4.125992581248283386e-02 -8.448651991784572601e-03 4.372709274291992188e+00 -3.519892692565917969e-03 -2.981154620647430420e-02 3.714710712432861328e+00 1.577141165733337402e+00 5.397108078002929688e+00 4.682466506958007812e+00 4.708933353424072266e+00
1.103709936141967773e+00 8.220559954643249512e-01 -4.135894030332565308e-02 -8.492132648825645447e-03 4.381343364715576172e+00 -3.507809014990925789e-03 -2.988504059612751007e-02 3.724471092224121094e+00 1.578790545463562012e+00 5.413946151733398438e+00 4.695432662963867188e+00 4.724726676940917969e+00
1.103145003318786621e+00 8.234595656394958496e-01 -4.145666956901550293e-02 -8.535020984709262848e-03 4.389925479888916016e+00 -3.496413119137287140e-03 -2.995764836668968201e-02 3.734109401702880859e+00 1.580463051795959473e+00 5.430519104003906250e+00 4.708217620849609375e+00 4.740252971649169922e+00
1.102550387382507324e+00 8.248254656791687012e-01 -4.155568033456802368e-02 -8.578506298363208771e-03 4.398559570312500000e+00 -3.484331304207444191e-03 -3.003114089369773865e-02 3.743870735168457031e+00 1.582112669944763184e+00 5.447357654571533203e+00 4.721183300018310547e+00 4.756045818328857422e+00
1.101959586143493652e+00 8.262013792991638184e-01 -4.165472090244293213e-02 -8.621999062597751617e-03 4.407206058502197266e+00 -3.472332376986742020e-03 -3.010466694831848145e-02 3.753635168075561523e+00 1.583770155906677246e+00 5.464193344116210938e+00 4.734151363372802734e+00 4.771833896636962891e+00
1.101364970207214355e+00 8.275665640830993652e-01 -4.175372049212455750e-02 -8.665478788316249847e-03 4.415839672088623047e+00 -3.460244974121451378e-03 -3.017815761268138885e-02 3.763394832611083984e+00 1.585418820381164551e+00 5.481031417846679688e+00 4.747117519378662109e+00 4.787627220153808594e+00
1.100773930549621582e+00 8.289429545402526855e-01 -4.185276478528976440e-02 -8.708976209163665771e-03 4.424487113952636719e+00 -3.448247211053967476e-03 -3.025168552994728088e-02 3.773159980773925781e+00 1.587076425552368164e+00 5.497867584228515625e+00 4.760086059570312500e+00 4.803415775299072266e+00
1.100179314613342285e+00 8.303079009056091309e-01 -4.195177555084228516e-02 -8.752449415624141693e-03 4.433120250701904297e+00 -3.436162369325757027e-03 -3.032517805695533752e-02 3.782920360565185547e+00 1.588725447654724121e+00 5.514705657958984375e+00 4.773051738739013672e+00 4.819208145141601562e+00
1.099588513374328613e+00 8.316847681999206543e-01 -4.205081239342689514e-02 -8.795951493084430695e-03 4.441767692565917969e+00 -3.424166934564709663e-03 -3.039870597422122955e-02 3.792685031890869141e+00 1.590383291244506836e+00 5.531541824340820312e+00 4.786020755767822266e+00 4.834996700286865234e+00
1.098993539810180664e+00 8.330499529838562012e-01 -4.214983060956001282e-02 -8.839434012770652771e-03 4.450401782989501953e+00 -3.412076272070407867e-03 -3.047219850122928619e-02 3.802446842193603516e+00 1.592032194137573242e+00 5.548380851745605469e+00 4.798987865447998047e+00 4.850791454315185547e+00
1.098398566246032715e+00 8.344156146049499512e-01 -4.224883019924163818e-02 -8.882919326424598694e-03 4.459034919738769531e+00 -3.399992594495415688e-03 -3.054568916559219360e-02 3.812206745147705078e+00 1.593681454658508301e+00 5.565218448638916016e+00 4.811953067779541016e+00 4.866583347320556641e+00
1.097808241844177246e+00 8.357920050621032715e-01 -4.234787449240684509e-02 -8.926410228013992310e-03 4.467682838439941406e+00 -3.387999953702092171e-03 -3.061921522021293640e-02 3.821971654891967773e+00 1.595339298248291016e+00 5.582053661346435547e+00 4.824921131134033203e+00 4.882370471954345703e+00
1.097240090370178223e+00 8.371865153312683105e-01 -4.244557395577430725e-02 -8.969291113317012787e-03 4.476252079010009766e+00 -3.376522567123174667e-03 -3.069178946316242218e-02 3.831605911254882812e+00 1.597004055976867676e+00 5.598629474639892578e+00 4.837703704833984375e+00 4.897902011871337891e+00
1.096648931503295898e+00 8.385631442070007324e-01 -4.254460707306861877e-02 -9.012783877551555634e-03 4.484899044036865234e+00 -3.364527132362127304e-03 -3.076531551778316498e-02 3.841370582580566406e+00 1.598661899566650391e+00 5.615464210510253906e+00 4.850671768188476562e+00 4.913689136505126953e+00
1.096054196357727051e+00 8.399280905723571777e-01 -4.264361411333084106e-02 -9.056266397237777710e-03 4.493532180786132812e+00 -3.352438798174262047e-03 -3.083879873156547546e-02 3.851130962371826172e+00 1.600310564041137695e+00 5.632303237915039062e+00 4.863637447357177734e+00 4.929482460021972656e+00
1.095463275909423828e+00 8.413037657737731934e-01 -4.274265840649604797e-02 -9.099756367504596710e-03 4.502179622650146484e+00 -3.340439638122916222e-03 -3.091233409941196442e-02 3.860895633697509766e+00 1.601968169212341309e+00 5.649139404296875000e+00 4.876605987548828125e+00 4.945271015167236328e+00
1.094868540763854980e+00 8.426691889762878418e-01 -4.284165799617767334e-02 -9.143241681158542633e-03 4.510812282562255859e+00 -3.328353632241487503e-03 -3.098582290112972260e-02 3.870655775070190430e+00 1.603616952896118164e+00 5.665976524353027344e+00 4.889571666717529297e+00 4.961063385009765625e+00
1.094277501106262207e+00 8.440451025962829590e-01 -4.294070973992347717e-02 -9.186733514070510864e-03 4.519460678100585938e+00 -3.316354705020785332e-03 -3.105935826897621155e-02 3.880421161651611328e+00 1.605274796485900879e+00 5.682813644409179688e+00 4.902540683746337891e+00 4.976852893829345703e+00
1.093683123588562012e+00 8.454112410545349121e-01 -4.303971305489540100e-02 -9.230216965079307556e-03 4.528093814849853516e+00 -3.304271725937724113e-03 -3.113284334540367126e-02 3.890181541442871094e+00 1.606924176216125488e+00 5.699651718139648438e+00 4.915506362915039062e+00 4.992644786834716797e+00
1.093088269233703613e+00 8.467771410942077637e-01 -4.313871264457702637e-02 -9.273701347410678864e-03 4.536726951599121094e+00 -3.292183857411146164e-03 -3.120633028447628021e-02 3.899941444396972656e+00 1.608572840690612793e+00 5.716489315032958984e+00 4.928472518920898438e+00 5.008438110351562500e+00
1.092497348785400391e+00 8.481532931327819824e-01 -4.323776066303253174e-02 -9.317194111645221710e-03 4.545374870300292969e+00 -3.280190052464604378e-03 -3.127986192703247070e-02 3.909707069396972656e+00 1.610230803489685059e+00 5.733325004577636719e+00 4.941440582275390625e+00 5.024225711822509766e+00
1.091928839683532715e+00 8.495468497276306152e-01 -4.333545640110969543e-02 -9.360071271657943726e-03 4.553943634033203125e+00 -3.268710337579250336e-03 -3.135243430733680725e-02 3.919341564178466797e+00 1.611895203590393066e+00 5.749900817871093750e+00 4.954222679138183594e+00 5.039757728576660156e+00
1.091338396072387695e+00 8.509230017662048340e-01 -4.343450814485549927e-02 -9.403565898537635803e-03 4.562591552734375000e+00 -3.256713040173053741e-03 -3.142596408724784851e-02 3.929106712341308594e+00 1.613553047180175781e+00 5.766737937927246094e+00 4.967192173004150391e+00 5.055546760559082031e+00
1.090743422508239746e+00 8.522886633872985840e-01 -4.353351518511772156e-02 -9.447053074836730957e-03 4.571225166320800781e+00 -3.244625870138406754e-03 -3.149946033954620361e-02 3.938867568969726562e+00 1.615202069282531738e+00 5.783576011657714844e+00 4.980158805847167969e+00 5.071340084075927734e+00
1.090152502059936523e+00 8.536641001701354980e-01 -4.363254830241203308e-02 -9.490541182458400726e-03 4.579871177673339844e+00 -3.232626244425773621e-03 -3.157297894358634949e-02 3.948631286621093750e+00 1.616859316825866699e+00 5.800411224365234375e+00 4.993125915527343750e+00 5.087127208709716797e+00
1.089557886123657227e+00 8.550302386283874512e-01 -4.373155534267425537e-02 -9.534027427434921265e-03 4.588505744934082031e+00 -3.220544895157217979e-03 -3.164647147059440613e-02 3.958392143249511719e+00 1.618508815765380859e+00 5.817248821258544922e+00 5.006091594696044922e+00 5.102920055389404297e+00
1.088966965675354004e+00 8.564063906669616699e-01 -4.383060336112976074e-02 -9.577516466379165649e-03 4.597152709960937500e+00 -3.208546666428446770e-03 -3.172000497579574585e-02 3.968156576156616211e+00 1.620166301727294922e+00 5.834085464477539062e+00 5.019061088562011719e+00 5.118708133697509766e+00
1.088371872901916504e+00 8.577718138694763184e-01 -4.392960295081138611e-02 -9.620998054742813110e-03 4.605785369873046875e+00 -3.196458797901868820e-03 -3.179348632693290710e-02 3.977916955947875977e+00 1.621814966201782227e+00 5.850922584533691406e+00 5.032025814056396484e+00 5.134500980377197266e+00
1.087781190872192383e+00 8.591479659080505371e-01 -4.402864724397659302e-02 -9.664496406912803650e-03 4.614432811737060547e+00 -3.184461034834384918e-03 -3.186701238155364990e-02 3.987681388854980469e+00 1.623472929000854492e+00 5.867758750915527344e+00 5.044994831085205078e+00 5.150288581848144531e+00
1.087103009223937988e+00 8.602721095085144043e-01 -4.412351921200752258e-02 -9.706543758511543274e-03 4.622492790222167969e+00 -3.170946845784783363e-03 -3.193732351064682007e-02 3.997045278549194336e+00 1.624888181686401367e+00 5.884084224700927734e+00 5.057481765747070312e+00 5.165668010711669922e+00
1.086425542831420898e+00 8.613490462303161621e-01 -4.421580582857131958e-02 -9.747536852955818176e-03 4.630308628082275391e+00 -3.157595871016383171e-03 -3.200572356581687927e-02 4.006159782409667969e+00 1.626246452331542969e+00 5.899987697601318359e+00 5.069634437561035156e+00 5.180656433105468750e+00
1.085724472999572754e+00 8.624071478843688965e-01 -4.430941119790077209e-02 -9.789148345589637756e-03 4.638199806213378906e+00 -3.143712878227233887e-03 -3.207506984472274780e-02 4.015403270721435547e+00 1.627596378326416016e+00 5.916149616241455078e+00 5.081972599029541016e+00 5.195900440216064453e+00
1.085020184516906738e+00 8.634566664695739746e-01 -4.440299421548843384e-02 -9.830752387642860413e-03 4.646080017089843750e+00 -3.129758872091770172e-03 -3.214438259601593018e-02 4.024642944335937500e+00 1.628939390182495117e+00 5.932313919067382812e+00 5.094309329986572266e+00 5.211149215698242188e+00
1.084319353103637695e+00 8.645138144493103027e-01 -4.449659585952758789e-02 -9.872351773083209991e-03 4.653970718383789062e+00 -3.115878673270344734e-03 -3.221371769905090332e-02 4.033885478973388672e+00 1.630288839340209961e+00 5.948473930358886719e+00 5.106645107269287109e+00 5.226391315460205078e+00
1.083615064620971680e+00 8.655623793601989746e-01 -4.459018260240554810e-02 -9.913949295878410339e-03 4.661849975585937500e+00 -3.101919777691364288e-03 -3.228302672505378723e-02 4.043124675750732422e+00 1.631631255149841309e+00 5.964638233184814453e+00 5.118980884552001953e+00 5.241639614105224609e+00
1.082913875579833984e+00 8.666204810142517090e-01 -4.468378424644470215e-02 -9.955557063221931458e-03 4.669740676879882812e+00 -3.088037949055433273e-03 -3.235236927866935730e-02 4.052368164062500000e+00 1.632980823516845703e+00 5.980799674987792969e+00 5.131318092346191406e+00 5.256883144378662109e+00
1.082209587097167969e+00 8.676692843437194824e-01 -4.477736726403236389e-02 -9.997159242630004883e-03 4.677620887756347656e+00 -3.074080217629671097e-03 -3.242168202996253967e-02 4.061607360839843750e+00 1.634323477745056152e+00 5.996964454650878906e+00 5.143653869628906250e+00 5.272132396697998047e+00
1.081508398056030273e+00 8.687269091606140137e-01 -4.487097263336181641e-02 -1.003876514732837677e-02 4.685511112213134766e+00 -3.060196060687303543e-03 -3.249102085828781128e-02 4.070850372314453125e+00 1.635672807693481445e+00 6.013126373291015625e+00 5.155991554260253906e+00 5.287375926971435547e+00
1.080804705619812012e+00 8.697764277458190918e-01 -4.496455937623977661e-02 -1.008036732673645020e-02 4.693391799926757812e+00 -3.046238329261541367e-03 -3.256033360958099365e-02 4.080090522766113281e+00 1.637015938758850098e+00 6.029290676116943359e+00 5.168328285217285156e+00 5.302624702453613281e+00
1.080126881599426270e+00 8.708540797233581543e-01 -4.505685344338417053e-02 -1.012136787176132202e-02 4.701209068298339844e+00 -3.032889915630221367e-03 -3.262874111533164978e-02 4.089205741882324219e+00 1.638374567031860352e+00 6.045195579528808594e+00 5.180483341217041016e+00 5.317614078521728516e+00
1.079425811767578125e+00 8.719117045402526855e-01 -4.515045508742332458e-02 -1.016297470778226852e-02 4.709099292755126953e+00 -3.019009716808795929e-03 -3.269807621836662292e-02 4.098448276519775391e+00 1.639724135398864746e+00 6.061354637145996094e+00 5.192818641662597656e+00 5.332855701446533203e+00
1.078722000122070312e+00 8.729609847068786621e-01 -4.524404555559158325e-02 -1.020457409322261810e-02 4.716979980468750000e+00 -3.005053382366895676e-03 -3.276739642024040222e-02 4.107688426971435547e+00 1.641067147254943848e+00 6.077520370483398438e+00 5.205155849456787109e+00 5.348105907440185547e+00
1.078020811080932617e+00 8.740181326866149902e-01 -4.533763602375984192e-02 -1.024617999792098999e-02 4.724870204925537109e+00 -2.991169691085815430e-03 -3.283673152327537537e-02 4.116930007934570312e+00 1.642416357994079590e+00 6.093681335449218750e+00 5.217492103576660156e+00 5.363348484039306641e+00
1.077336668968200684e+00 8.749527335166931152e-01 -4.542963579297065735e-02 -1.028665620833635330e-02 4.732549190521240234e+00 -2.976726274937391281e-03 -3.290460631251335144e-02 4.125988006591796875e+00 1.643679380416870117e+00 6.109615802764892578e+00 5.229622364044189453e+00 5.378404140472412109e+00
1.076656103134155273e+00 8.758935332298278809e-01 -4.552160203456878662e-02 -1.032711099833250046e-02 4.740233421325683594e+00 -2.962348284199833870e-03 -3.297246992588043213e-02 4.135043621063232422e+00 1.644947052001953125e+00 6.125539779663085938e+00 5.241748332977294922e+00 5.393448352813720703e+00
1.075972676277160645e+00 8.768243193626403809e-01 -4.561356082558631897e-02 -1.036755647510290146e-02 4.747907638549804688e+00 -2.947890665382146835e-03 -3.304031118750572205e-02 4.144097328186035156e+00 1.646207690238952637e+00 6.141468048095703125e+00 5.253872394561767578e+00 5.408499240875244141e+00
1.075291991233825684e+00 8.777644038200378418e-01 -4.570553824305534363e-02 -1.040801126509904861e-02 4.755591392517089844e+00 -2.933508716523647308e-03 -3.310817480087280273e-02 4.153152942657470703e+00 1.647475242614746094e+00 6.157392978668212891e+00 5.265998363494873047e+00 5.423544406890869141e+00
1.074608206748962402e+00 8.786954283714294434e-01 -4.579748585820198059e-02 -1.044845953583717346e-02 4.763264656066894531e+00 -2.919047372415661812e-03 -3.317600861191749573e-02 4.162206172943115234e+00 1.648735761642456055e+00 6.173321723937988281e+00 5.278122425079345703e+00 5.438594818115234375e+00
1.073951363563537598e+00 8.796564936637878418e-01 -4.588813707232475281e-02 -1.048830803483724594e-02 4.770875930786132812e+00 -2.905203029513359070e-03 -3.324294090270996094e-02 4.171133518218994141e+00 1.650012731552124023e+00 6.188987731933593750e+00 5.290064811706542969e+00 5.453384876251220703e+00
1.073271512985229492e+00 8.805963397026062012e-01 -4.598011821508407593e-02 -1.052875816822052002e-02 4.778560638427734375e+00 -2.890824573114514351e-03 -3.331080079078674316e-02 4.180189132690429688e+00 1.651280522346496582e+00 6.204912185668945312e+00 5.302189826965332031e+00 5.468429088592529297e+00
1.072587490081787109e+00 8.815271258354187012e-01 -4.607206583023071289e-02 -1.056920643895864487e-02 4.786234378814697266e+00 -2.876365790143609047e-03 -3.337864205241203308e-02 4.189242839813232422e+00 1.652541160583496094e+00 6.220841407775878906e+00 5.314315319061279297e+00 5.483479976654052734e+00
1.071891069412231445e+00 8.824240565299987793e-01 -4.616395756602287292e-02 -1.060965657234191895e-02 4.793866157531738281e+00 -2.861591521650552750e-03 -3.344639763236045837e-02 4.198287010192871094e+00 1.653773784637451172e+00 6.236788749694824219e+00 5.326441287994384766e+00 5.498560428619384766e+00
1.071226954460144043e+00 8.834075331687927246e-01 -4.625601321458816528e-02 -1.065011136233806610e-02 4.801603317260742188e+00 -2.847611904144287109e-03 -3.351437300443649292e-02 4.207353591918945312e+00 1.655076861381530762e+00 6.252689361572265625e+00 5.338564872741699219e+00 5.513568401336669922e+00
1.070529818534851074e+00 8.843042254447937012e-01 -4.634790867567062378e-02 -1.069055870175361633e-02 4.809234619140625000e+00 -2.832826226949691772e-03 -3.358212113380432129e-02 4.216398715972900391e+00 1.656308650970458984e+00 6.268637657165527344e+00 5.350692272186279297e+00 5.528649806976318359e+00
1.069866061210632324e+00 8.852874636650085449e-01 -4.643994569778442383e-02 -1.073101628571748734e-02 4.816970825195312500e+00 -2.818846143782138824e-03 -3.365008533000946045e-02 4.225463390350341797e+00 1.657611846923828125e+00 6.284537315368652344e+00 5.362814903259277344e+00 5.543656826019287109e+00
1.069169521331787109e+00 8.861843943595886230e-01 -4.653184488415718079e-02 -1.077145710587501526e-02 4.824603080749511719e+00 -2.804076066240668297e-03 -3.371784463524818420e-02 4.234508037567138672e+00 1.658844470977783203e+00 6.300483703613281250e+00 5.374940395355224609e+00 5.558735370635986328e+00
1.068505167961120605e+00 8.871669173240661621e-01 -4.662388563156127930e-02 -1.081191655248403549e-02 4.832339286804199219e+00 -2.790086902678012848e-03 -3.378580883145332336e-02 4.243574619293212891e+00 1.660146951675415039e+00 6.316385269165039062e+00 5.387064456939697266e+00 5.573744773864746094e+00
1.067835211753845215e+00 8.880929350852966309e-01 -4.671448469161987305e-02 -1.085175853222608566e-02 4.839908599853515625e+00 -2.775924745947122574e-03 -3.385265544056892395e-02 4.252494812011718750e+00 1.661395907402038574e+00 6.332071304321289062e+00 5.399008274078369141e+00 5.588564395904541016e+00
1.067171335220336914e+00 8.890759348869323730e-01 -4.680654034018516541e-02 -1.089221052825450897e-02 4.847645282745361328e+00 -2.761942101642489433e-03 -3.392062708735466003e-02 4.261559486389160156e+00 1.662698388099670410e+00 6.347971916198730469e+00 5.411131858825683594e+00 5.603572368621826172e+00
1.066474437713623047e+00 8.899726271629333496e-01 -4.689842462539672852e-02 -1.093266066163778305e-02 4.855277061462402344e+00 -2.747164806351065636e-03 -3.398837894201278687e-02 4.270605087280273438e+00 1.663930892944335938e+00 6.363919258117675781e+00 5.423257827758789062e+00 5.618651866912841797e+00
1.065777659416198730e+00 8.908700346946716309e-01 -4.699031636118888855e-02 -1.097310893237590790e-02 4.862909317016601562e+00 -2.732391934841871262e-03 -3.405613452196121216e-02 4.279649734497070312e+00 1.665163755416870117e+00 6.379866600036621094e+00 5.435384273529052734e+00 5.633731365203857422e+00
1.065114855766296387e+00 8.918516039848327637e-01 -4.708234220743179321e-02 -1.101354230195283890e-02 4.870643615722656250e+00 -2.718408126384019852e-03 -3.412408381700515747e-02 4.288712501525878906e+00 1.666465759277343750e+00 6.395763397216796875e+00 5.447504043579101562e+00 5.648736476898193359e+00
1.064421415328979492e+00 8.927463889122009277e-01 -4.717420041561126709e-02 -1.105393469333648682e-02 4.878272056579589844e+00 -2.703631529584527016e-03 -3.419177979230880737e-02 4.297750473022460938e+00 1.667697787284851074e+00 6.411701202392578125e+00 5.459622859954833984e+00 5.663807392120361328e+00
1.063760757446289062e+00 8.937262892723083496e-01 -4.726618528366088867e-02 -1.109433546662330627e-02 4.886002540588378906e+00 -2.689643530175089836e-03 -3.425968438386917114e-02 4.306807518005371094e+00 1.668999314308166504e+00 6.427592277526855469e+00 5.471738815307617188e+00 5.678805828094482422e+00
1.063067674636840820e+00 8.946213126182556152e-01 -4.735803976655006409e-02 -1.113472599536180496e-02 4.893631935119628906e+00 -2.674868097528815269e-03 -3.432738780975341797e-02 4.315845966339111328e+00 1.670231580734252930e+00 6.443531036376953125e+00 5.483858108520507812e+00 5.693877696990966797e+00
1.062406897544860840e+00 8.956004977226257324e-01 -4.745003208518028259e-02 -1.117512118071317673e-02 4.901362419128417969e+00 -2.660879399627447128e-03 -3.439529612660408020e-02 4.324903488159179688e+00 1.671532869338989258e+00 6.459421157836914062e+00 5.495972633361816406e+00 5.708876132965087891e+00
1.061739563941955566e+00 8.965238928794860840e-01 -4.754058644175529480e-02 -1.121492031961679459e-02 4.908927917480468750e+00 -2.646709093824028969e-03 -3.446209058165550232e-02 4.333816528320312500e+00 1.672780752182006836e+00 6.475099563598632812e+00 5.507910728454589844e+00 5.723688125610351562e+00
1.061078906059265137e+00 8.975042700767517090e-01 -4.763258248567581177e-02 -1.125532202422618866e-02 4.916659832000732422e+00 -2.632726449519395828e-03 -3.452999889850616455e-02 4.342875480651855469e+00 1.674082756042480469e+00 6.490988731384277344e+00 5.520026206970214844e+00 5.738687038421630859e+00
1.060385227203369141e+00 8.983976244926452637e-01 -4.772442579269409180e-02 -1.129571069031953812e-02 4.924286842346191406e+00 -2.617943799123167992e-03 -3.459770232439041138e-02 4.351912021636962891e+00 1.675313830375671387e+00 6.506928443908691406e+00 5.532144546508789062e+00 5.753757953643798828e+00
1.059692025184631348e+00 8.992912173271179199e-01 -4.781626909971237183e-02 -1.133609190583229065e-02 4.931913375854492188e+00 -2.603165339678525925e-03 -3.466539457440376282e-02 4.360948562622070312e+00 1.676545500755310059e+00 6.522865295410156250e+00 5.544261932373046875e+00 5.768827915191650391e+00
1.059031248092651367e+00 9.002720713615417480e-01 -4.790826514363288879e-02 -1.137649826705455780e-02 4.939646244049072266e+00 -2.589178038761019707e-03 -3.473330661654472351e-02 4.370007038116455078e+00 1.677847146987915039e+00 6.538757324218750000e+00 5.556378364562988281e+00 5.783828258514404297e+00
1.058338046073913574e+00 9.011661410331726074e-01 -4.800011217594146729e-02 -1.141689158976078033e-02 4.947274208068847656e+00 -2.574402140453457832e-03 -3.480100631713867188e-02 4.379044532775878906e+00 1.679079174995422363e+00 6.554695606231689453e+00 5.568498134613037109e+00 5.798899173736572266e+00
1.057677268981933594e+00 9.021458029747009277e-01 -4.809211194515228271e-02 -1.145728677511215210e-02 4.955005645751953125e+00 -2.560414606705307961e-03 -3.486891835927963257e-02 4.388102054595947266e+00 1.680380582809448242e+00 6.570585727691650391e+00 5.580612659454345703e+00 5.813897609710693359e+00
1.056983470916748047e+00 9.030403494834899902e-01 -4.818396642804145813e-02 -1.149768661707639694e-02 4.962633132934570312e+00 -2.545636147260665894e-03 -3.493661433458328247e-02 4.397140502929687500e+00 1.681612491607666016e+00 6.586524963378906250e+00 5.592732429504394531e+00 5.828969478607177734e+00
1.056323409080505371e+00 9.040204882621765137e-01 -4.827595502138137817e-02 -1.153808459639549255e-02 4.970364570617675781e+00 -2.531650708988308907e-03 -3.500452265143394470e-02 4.406197547912597656e+00 1.682914376258850098e+00 6.602416038513183594e+00 5.604847908020019531e+00 5.843967914581298828e+00
1.055656075477600098e+00 9.049438834190368652e-01 -4.836650192737579346e-02 -1.157787628471851349e-02 4.977930068969726562e+00 -2.517485059797763824e-03 -3.507131710648536682e-02 4.415111064910888672e+00 1.684162139892578125e+00 6.618092536926269531e+00 5.616784572601318359e+00 5.858779430389404297e+00
1.054995417594909668e+00 9.059235453605651855e-01 -4.845850542187690735e-02 -1.161827147006988525e-02 4.985661506652832031e+00 -2.503493335098028183e-03 -3.513922542333602905e-02 4.424168109893798828e+00 1.685463786125183105e+00 6.633983612060546875e+00 5.628899574279785156e+00 5.873778820037841797e+00
1.054301857948303223e+00 9.068178534507751465e-01 -4.855034872889518738e-02 -1.165866665542125702e-02 4.993288993835449219e+00 -2.488717902451753616e-03 -3.520692139863967896e-02 4.433206081390380859e+00 1.686695814132690430e+00 6.649921417236328125e+00 5.641017913818359375e+00 5.888849735260009766e+00
1.053608417510986328e+00 9.077119231224060059e-01 -4.864219576120376587e-02 -1.169906277209520340e-02 5.000917434692382812e+00 -2.473937580361962318e-03 -3.527462482452392578e-02 4.442244052886962891e+00 1.687927007675170898e+00 6.665860176086425781e+00 5.653137207031250000e+00 5.903920650482177734e+00
1.052947640419006348e+00 9.086920619010925293e-01 -4.873418062925338745e-02 -1.173945795744657516e-02 5.008647918701171875e+00 -2.459954936057329178e-03 -3.534252941608428955e-02 4.451301097869873047e+00 1.689228653907775879e+00 6.681749343872070312e+00 5.665252208709716797e+00 5.918918132781982422e+00
1.052253484725952148e+00 9.095851778984069824e-01 -4.882603138685226440e-02 -1.177985314279794693e-02 5.016275405883789062e+00 -2.445166697725653648e-03 -3.541022911667823792e-02 4.460338592529296875e+00 1.690459847450256348e+00 6.697689056396484375e+00 5.677371025085449219e+00 5.933990955352783203e+00
1.051593303680419922e+00 9.105655550956726074e-01 -4.891802370548248291e-02 -1.182024553418159485e-02 5.024007797241210938e+00 -2.431187778711318970e-03 -3.547814115881919861e-02 4.469397068023681641e+00 1.691762208938598633e+00 6.713579177856445312e+00 5.689486503601074219e+00 5.948988914489746094e+00
1.050899624824523926e+00 9.114605784416198730e-01 -4.900987073779106140e-02 -1.186064351350069046e-02 5.031635284423828125e+00 -2.416410250589251518e-03 -3.554583340883255005e-02 4.478434085845947266e+00 1.692993760108947754e+00 6.729517459869384766e+00 5.701605796813964844e+00 5.964059829711914062e+00
1.050239205360412598e+00 9.124402403831481934e-01 -4.910187050700187683e-02 -1.190104335546493530e-02 5.039367675781250000e+00 -2.402423415333032608e-03 -3.561374917626380920e-02 4.487492561340332031e+00 1.694295644760131836e+00 6.745409011840820312e+00 5.713721275329589844e+00 5.979059696197509766e+00
1.049572229385375977e+00 9.133633971214294434e-01 -4.919241741299629211e-02 -1.194083504378795624e-02 5.046931743621826172e+00 -2.388251479715108871e-03 -3.568053245544433594e-02 4.496404170989990234e+00 1.695543169975280762e+00 6.761085510253906250e+00 5.725657939910888672e+00 5.993870258331298828e+00
1.048911809921264648e+00 9.143435359001159668e-01 -4.928442463278770447e-02 -1.198123302310705185e-02 5.054663658142089844e+00 -2.374270930886268616e-03 -3.574845194816589355e-02 4.505462169647216797e+00 1.696845054626464844e+00 6.776976585388183594e+00 5.737773895263671875e+00 6.008869647979736328e+00
1.048218131065368652e+00 9.152368903160095215e-01 -4.937627166509628296e-02 -1.202162355184555054e-02 5.062291145324707031e+00 -2.359485719352960587e-03 -3.581614792346954346e-02 4.514499664306640625e+00 1.698076367378234863e+00 6.792915344238281250e+00 5.749892234802246094e+00 6.023940563201904297e+00
1.047524452209472656e+00 9.161321520805358887e-01 -4.946810752153396606e-02 -1.206202153116464615e-02 5.069918632507324219e+00 -2.344711916521191597e-03 -3.588384017348289490e-02 4.523537635803222656e+00 1.699308514595031738e+00 6.808853149414062500e+00 5.762011051177978516e+00 6.039011001586914062e+00
1.046863913536071777e+00 9.171115756034851074e-01 -4.956011101603507996e-02 -1.210241671651601791e-02 5.077650070190429688e+00 -2.330723684281110764e-03 -3.595175594091415405e-02 4.532595157623291016e+00 1.700610041618347168e+00 6.824744701385498047e+00 5.774126529693603516e+00 6.054010868072509766e+00
1.046170830726623535e+00 9.180063605308532715e-01 -4.965195432305335999e-02 -1.214280910789966583e-02 5.085278511047363281e+00 -2.315947320312261581e-03 -3.601945191621780396e-02 4.541632652282714844e+00 1.701841950416564941e+00 6.840682029724121094e+00 5.786245346069335938e+00 6.069081783294677734e+00
1.045509576797485352e+00 9.189860224723815918e-01 -4.974395036697387695e-02 -1.218320894986391068e-02 5.093009948730468750e+00 -2.301957923918962479e-03 -3.608736023306846619e-02 4.550690650939941406e+00 1.703143477439880371e+00 6.856572628021240234e+00 5.798361301422119141e+00 6.084081172943115234e+00
1.044816255569458008e+00 9.198796153068542480e-01 -4.983578994870185852e-02 -1.222359761595726013e-02 5.100637435913085938e+00 -2.287178998813033104e-03 -3.615505993366241455e-02 4.559727668762207031e+00 1.704374551773071289e+00 6.872510910034179688e+00 5.810479640960693359e+00 6.099151611328125000e+00
1.044155836105346680e+00 9.208599925041198730e-01 -4.992778971791267395e-02 -1.226400025188922882e-02 5.108369827270507812e+00 -2.273195190355181694e-03 -3.622297570109367371e-02 4.568786621093750000e+00 1.705676913261413574e+00 6.888402462005615234e+00 5.822595596313476562e+00 6.114151477813720703e+00
1.043488740921020508e+00 9.217826724052429199e-01 -5.001834407448768616e-02 -1.230379659682512283e-02 5.115934848785400391e+00 -2.259023021906614304e-03 -3.628976643085479736e-02 4.577699184417724609e+00 1.706924438476562500e+00 6.904080390930175781e+00 5.834533214569091797e+00 6.128962993621826172e+00
1.042828440666198730e+00 9.227632880210876465e-01 -5.011034756898880005e-02 -1.234419643878936768e-02 5.123666763305664062e+00 -2.245039679110050201e-03 -3.635767474770545959e-02 4.586757183074951172e+00 1.708226799964904785e+00 6.919971466064453125e+00 5.846648693084716797e+00 6.143961429595947266e+00
1.042134404182434082e+00 9.236573576927185059e-01 -5.020218342542648315e-02 -1.238458696752786636e-02 5.131293773651123047e+00 -2.230258425697684288e-03 -3.642537444829940796e-02 4.595794677734375000e+00 1.709457755088806152e+00 6.935909271240234375e+00 5.858766555786132812e+00 6.159033298492431641e+00
1.041440725326538086e+00 9.245516657829284668e-01 -5.029403418302536011e-02 -1.242498029023408890e-02 5.138921737670898438e+00 -2.215483691543340683e-03 -3.649307414889335632e-02 4.604832649230957031e+00 1.710689663887023926e+00 6.951847076416015625e+00 5.870886802673339844e+00 6.174103260040283203e+00
1.040780544281005859e+00 9.255320429801940918e-01 -5.038602277636528015e-02 -1.246538013219833374e-02 5.146653175354003906e+00 -2.201496856287121773e-03 -3.656097874045372009e-02 4.613889694213867188e+00 1.711991667747497559e+00 6.967737674713134766e+00 5.883000850677490234e+00 6.189102172851562500e+00
1.040086627006530762e+00 9.264251589775085449e-01 -5.047788098454475403e-02 -1.250577066093683243e-02 5.154281139373779297e+00 -2.186715370044112206e-03 -3.662868589162826538e-02 4.622927665710449219e+00 1.713222861289978027e+00 6.983677387237548828e+00 5.895120143890380859e+00 6.204174518585205078e+00
1.039426207542419434e+00 9.274060130119323730e-01 -5.056987702846527100e-02 -1.254617050290107727e-02 5.162013053894042969e+00 -2.172731561586260796e-03 -3.669659048318862915e-02 4.631986141204833984e+00 1.714524984359741211e+00 6.999567985534667969e+00 5.907236576080322266e+00 6.219173431396484375e+00
1.038732290267944336e+00 9.283000826835632324e-01 -5.066172406077384949e-02 -1.258656568825244904e-02 5.169640541076660156e+00 -2.157952636480331421e-03 -3.676429390907287598e-02 4.641023635864257812e+00 1.715756416320800781e+00 7.015506744384765625e+00 5.919355392456054688e+00 6.234244823455810547e+00
1.038072347640991211e+00 9.292804598808288574e-01 -5.075370520353317261e-02 -1.262695901095867157e-02 5.177371978759765625e+00 -2.143969293683767319e-03 -3.683219477534294128e-02 4.650080204010009766e+00 1.717058300971984863e+00 7.031395435333251953e+00 5.931468963623046875e+00 6.249241828918457031e+00
1.037405252456665039e+00 9.302033782005310059e-01 -5.084426701068878174e-02 -1.266675349324941635e-02 5.184937477111816406e+00 -2.129801316186785698e-03 -3.689899295568466187e-02 4.658993721008300781e+00 1.718306064605712891e+00 7.047074317932128906e+00 5.943406581878662109e+00 6.264053821563720703e+00
1.036744594573974609e+00 9.311835169792175293e-01 -5.093625932931900024e-02 -1.270715333521366119e-02 5.192669391632080078e+00 -2.115815645083785057e-03 -3.696690127253532410e-02 4.668051242828369141e+00 1.719607949256896973e+00 7.062964439392089844e+00 5.955522537231445312e+00 6.279053211212158203e+00
1.036050915718078613e+00 9.320771098136901855e-01 -5.102810636162757874e-02 -1.274754106998443604e-02 5.200296401977539062e+00 -2.101036021485924721e-03 -3.703459352254867554e-02 4.677088737487792969e+00 1.720839381217956543e+00 7.078902244567871094e+00 5.967639923095703125e+00 6.294122695922851562e+00
1.035390377044677734e+00 9.330579638481140137e-01 -5.112010240554809570e-02 -1.278794836252927780e-02 5.208028316497802734e+00 -2.087049186229705811e-03 -3.710250556468963623e-02 4.686146736145019531e+00 1.722141385078430176e+00 7.094793319702148438e+00 5.979756355285644531e+00 6.309122562408447266e+00
1.034696102142333984e+00 9.339513182640075684e-01 -5.121194198727607727e-02 -1.282833423465490341e-02 5.215655326843261719e+00 -2.072266768664121628e-03 -3.717020526528358459e-02 4.695183753967285156e+00 1.723372340202331543e+00 7.110730648040771484e+00 5.991874694824218750e+00 6.324193477630615234e+00
1.034009933471679688e+00 9.348418116569519043e-01 -5.130374804139137268e-02 -1.286864094436168671e-02 5.223279953002929688e+00 -2.057492500171065331e-03 -3.723783791065216064e-02 4.704211235046386719e+00 1.724604368209838867e+00 7.126658439636230469e+00 6.003984928131103516e+00 6.339252948760986328e+00
1.033227324485778809e+00 9.359325766563415527e-01 -5.139390006661415100e-02 -1.291190460324287415e-02 5.230998039245605469e+00 -2.046549692749977112e-03 -3.730760142207145691e-02 4.713973999023437500e+00 1.726106762886047363e+00 7.142289161682128906e+00 6.016165733337402344e+00 6.354107379913330078e+00
1.032351255416870117e+00 9.369902014732360840e-01 -5.148305743932723999e-02 -1.295653637498617172e-02 5.238607406616210938e+00 -2.036214806139469147e-03 -3.737806528806686401e-02 4.724047183990478516e+00 1.727631330490112305e+00 7.157854080200195312e+00 6.028383731842041016e+00 6.368972778320312500e+00
1.031512737274169922e+00 9.381305575370788574e-01 -5.157244205474853516e-02 -1.300108246505260468e-02 5.246322154998779297e+00 -2.026603091508150101e-03 -3.744868561625480652e-02 4.734120845794677734e+00 1.729221820831298828e+00 7.173377037048339844e+00 6.040597438812255859e+00 6.383768081665039062e+00
1.030668258666992188e+00 9.392139315605163574e-01 -5.166037380695343018e-02 -1.304500643163919449e-02 5.253870010375976562e+00 -2.016784390434622765e-03 -3.751817345619201660e-02 4.744044303894042969e+00 1.730756521224975586e+00 7.188688278198242188e+00 6.052630424499511719e+00 6.398375988006591797e+00
1.029829263687133789e+00 9.403540492057800293e-01 -5.174973979592323303e-02 -1.308955531567335129e-02 5.261583328247070312e+00 -2.007167786359786987e-03 -3.758879005908966064e-02 4.754118442535400391e+00 1.732346057891845703e+00 7.204210281372070312e+00 6.064841747283935547e+00 6.413171768188476562e+00
1.028953909873962402e+00 9.414123892784118652e-01 -5.183891579508781433e-02 -1.313418708741664886e-02 5.269193649291992188e+00 -1.996844774112105370e-03 -3.765925392508506775e-02 4.764191627502441406e+00 1.733872175216674805e+00 7.219775199890136719e+00 6.077060699462890625e+00 6.428036212921142578e+00
