3.353270590305328369e-01 -6.888104677200317383e-01 -7.036154866218566895e-01 7.127745449542999268e-02 -1.060532212257385254e+00 -5.653889775276184082e-01
-8.652483224868774414e-01 -8.891863822937011719e-01 -1.863178461790084839e-01 4.389912188053131104e-01 -6.261780858039855957e-01 -2.692860364913940430e-01
-1.049870401620864868e-01 1.627647280693054199e-01 5.232213139533996582e-01 5.589980632066726685e-02 -4.824956059455871582e-01 -2.221247553825378418e-01
2.051896601915359497e-01 -6.177977323532104492e-01 -6.349490284919738770e-01 -4.242511093616485596e-01 3.367715775966644287e-01 -3.007736802101135254e-01
-5.521871447563171387e-01 -5.733740329742431641e-01 -7.901611328125000000e-01 7.451812624931335449e-01 -8.135660886764526367e-01 7.631306052207946777e-01
-2.974662482738494873e-01 6.434175968170166016e-01 -8.582978844642639160e-01 1.082691773772239685e-01 1.500260829925537109e-01 -3.769874870777130127e-01
-6.424880027770996094e-01 7.715538740158081055e-01 1.189941391348838806e-01 2.568067014217376709e-01 3.005478084087371826e-01 -1.297958344221115112e-01
7.300425171852111816e-01 -1.772375963628292084e-02 8.834186941385269165e-02 5.695815086364746094e-01 1.000787496566772461e+00 6.545167565345764160e-01
5.929396152496337891e-01 -6.908855438232421875e-01 1.011733770370483398e+00 6.400641202926635742e-01 3.714199662208557129e-01 3.344568014144897461e-01
1.685849875211715698e-01 1.332194209098815918e-01 -1.058886125683784485e-01 -9.454054832458496094e-01 1.007616400718688965e+00 -6.475228071212768555e-01
-7.484132051467895508e-01 1.907564401626586914e-01 -7.940132617950439453e-01 -5.618175268173217773e-01 -1.786065697669982910e-01 -8.789370656013488770e-01
4.850118160247802734e-01 1.037483941763639450e-02 7.697494029998779297e-01 -9.714489579200744629e-01 2.568722516298294067e-02 -4.052594006061553955e-01
