3.709182500839233398e+00 6.474480152130126953e+00 -1.159365056082606316e-03
3.744783639907836914e+00 6.506107330322265625e+00 -1.149336574599146843e-03
3.782305002212524414e+00 6.544425964355468750e+00 -1.141108688898384571e-03
3.820262432098388672e+00 6.582952022552490234e+00 -1.132447505369782448e-03
3.858906984329223633e+00 6.620334625244140625e+00 -1.122124609537422657e-03
3.896796941757202148e+00 6.657741069793701172e+00 -1.112411497160792351e-03
3.932933330535888672e+00 6.690844058990478516e+00 -1.100994180887937546e-03
3.967015504837036133e+00 6.717658996582031250e+00 -1.086630625650286674e-03
4.003803730010986328e+00 6.744943141937255859e+00 -1.070103491656482220e-03
4.044102191925048828e+00 6.774766921997070312e+00 -1.051966333761811256e-03
4.086136341094970703e+00 6.818179607391357422e+00 -1.040546107105910778e-03
4.123486042022705078e+00 6.860687732696533203e+00 -1.032962580211460590e-03
4.160356044769287109e+00 6.903468608856201172e+00 -1.026046695187687874e-03
4.197297096252441406e+00 6.945354461669921875e+00 -1.018527545966207981e-03
4.233563899993896484e+00 6.985994815826416016e+00 -1.010874984785914421e-03
4.270447254180908203e+00 7.027404308319091797e+00 -1.003149547614157200e-03
4.306255340576171875e+00 7.068358898162841797e+00 -9.961018804460763931e-04
4.341208457946777344e+00 7.103800296783447266e+00 -9.864399908110499382e-04
4.376452922821044922e+00 7.139845371246337891e+00 -9.769538883119821548e-04
4.414496898651123047e+00 7.173912525177001953e+00 -9.658138151280581951e-04
4.453551769256591797e+00 7.202630519866943359e+00 -9.524439228698611259e-04
4.491992950439453125e+00 7.230856895446777344e+00 -9.395997039973735809e-04
4.530842781066894531e+00 7.258849620819091797e+00 -9.263722458854317665e-04
4.569024085998535156e+00 7.286905765533447266e+00 -9.139649337157607079e-04
4.608161449432373047e+00 7.314664840698242188e+00 -9.009442874230444431e-04
4.646851062774658203e+00 7.342393398284912109e+00 -8.785359095782041550e-04
4.685392856597900391e+00 7.372121334075927734e+00 -8.518056129105389118e-04
4.724515914916992188e+00 7.404052734375000000e+00 -8.265195647254586220e-04
4.763751983642578125e+00 7.436110496520996094e+00 -8.026795112527906895e-04
4.803957462310791016e+00 7.468763351440429688e+00 -7.786016212776303291e-04
4.844741821289062500e+00 7.501587390899658203e+00 -7.539091748185455799e-04
4.885868549346923828e+00 7.534207344055175781e+00 -7.285939063876867294e-04
4.926316738128662109e+00 7.566517353057861328e+00 -7.039426127448678017e-04
4.969060897827148438e+00 7.599434375762939453e+00 -6.778769311495125294e-04
5.011733531951904297e+00 7.632663249969482422e+00 -6.523678894154727459e-04
5.054808139801025391e+00 7.666059017181396484e+00 -6.264941184781491756e-04
5.097775936126708984e+00 7.699944496154785156e+00 -6.011693039909005165e-04
5.141084194183349609e+00 7.733419895172119141e+00 -5.750648560933768749e-04
5.185935974121093750e+00 7.764297008514404297e+00 -5.606262129731476307e-04
5.230337619781494141e+00 7.797162532806396484e+00 -5.488262977451086044e-04
5.272181987762451172e+00 7.827681541442871094e+00 -5.476312362588942051e-04
5.313087940216064453e+00 7.858006000518798828e+00 -5.475626676343381405e-04
5.354578971862792969e+00 7.888866901397705078e+00 -5.455134669318795204e-04
5.395444869995117188e+00 7.920311927795410156e+00 -5.435435450635850430e-04
5.436908245086669922e+00 7.951486587524414062e+00 -5.415199557319283485e-04
5.478630542755126953e+00 7.983657360076904297e+00 -5.395494517870247364e-04
5.520990848541259766e+00 8.015907287597656250e+00 -5.375568289309740067e-04
5.562188625335693359e+00 8.048223495483398438e+00 -5.356656038202345371e-04
5.602138042449951172e+00 8.080752372741699219e+00 -5.359898204915225506e-04
5.642469882965087891e+00 8.113527297973632812e+00 -5.342827644199132919e-04
5.682046413421630859e+00 8.146089553833007812e+00 -5.320303025655448437e-04
5.721884727478027344e+00 8.180115699768066406e+00 -5.298409960232675076e-04
5.761937618255615234e+00 8.214744567871093750e+00 -5.276576848700642586e-04
5.802762508392333984e+00 8.249362945556640625e+00 -5.253939307294785976e-04
5.844491481781005859e+00 8.285656929016113281e+00 -5.231361137703061104e-04
5.886673450469970703e+00 8.322016716003417969e+00 -5.208353395573794842e-04
5.928435325622558594e+00 8.358695030212402344e+00 -5.185918416827917099e-04
5.968229293823242188e+00 8.391161918640136719e+00 -5.163185414858162403e-04
6.006030559539794922e+00 8.416551589965820312e+00 -5.138759152032434940e-04
6.043123245239257812e+00 8.442387580871582031e+00 -5.109046469442546368e-04
6.081534862518310547e+00 8.469817161560058594e+00 -5.072657368145883083e-04
6.119993209838867188e+00 8.498530387878417969e+00 -5.039469688199460506e-04
6.159305095672607422e+00 8.527762413024902344e+00 -5.016307695768773556e-04
6.197916984558105469e+00 8.556595802307128906e+00 -4.993663751520216465e-04
6.235909461975097656e+00 8.583481788635253906e+00 -4.970519221387803555e-04
6.273618698120117188e+00 8.610529899597167969e+00 -4.947643028572201729e-04
6.311635494232177734e+00 8.637698173522949219e+00 -4.924522363580763340e-04
6.353206634521484375e+00 8.668435096740722656e+00 -4.899827763438224792e-04
6.394953250885009766e+00 8.700452804565429688e+00 -4.869495169259607792e-04
6.437065124511718750e+00 8.732753753662109375e+00 -4.838554596062749624e-04
6.479292392730712891e+00 8.764775276184082031e+00 -4.807530203834176064e-04
6.522691249847412109e+00 8.796082496643066406e+00 -4.774306726176291704e-04
6.566227436065673828e+00 8.827343940734863281e+00 -4.735575639642775059e-04
6.610085964202880859e+00 8.858335494995117188e+00 -4.695628595072776079e-04
6.654418468475341797e+00 8.889454841613769531e+00 -4.652051429729908705e-04
6.698889255523681641e+00 8.920504570007324219e+00 -4.608045273926109076e-04
6.744055747985839844e+00 8.951357841491699219e+00 -4.562424146570265293e-04
6.788380146026611328e+00 8.981888771057128906e+00 -4.517964844126254320e-04
6.833538532257080078e+00 9.012824058532714844e+00 -4.472844302654266357e-04
6.878545284271240234e+00 9.044253349304199219e+00 -4.443673824425786734e-04
6.923835754394531250e+00 9.075599670410156250e+00 -4.416261508595198393e-04
6.968761444091796875e+00 9.107247352600097656e+00 -4.389463283587247133e-04
7.014053344726562500e+00 9.138604164123535156e+00 -4.362074832897633314e-04
7.057518482208251953e+00 9.168808937072753906e+00 -4.335812991484999657e-04
7.099650859832763672e+00 9.196580886840820312e+00 -4.309306968934834003e-04
7.141470909118652344e+00 9.224648475646972656e+00 -4.290459910407662392e-04
7.182384967803955078e+00 9.252564430236816406e+00 -4.272179212421178818e-04
7.224119663238525391e+00 9.280744552612304688e+00 -4.255352832842618227e-04
7.265976905822753906e+00 9.309482574462890625e+00 -4.238591936882585287e-04
7.308316230773925781e+00 9.337990760803222656e+00 -4.221622657496482134e-04
7.350337028503417969e+00 9.366743087768554688e+00 -4.204742435831576586e-04
7.392809867858886719e+00 9.395015716552734375e+00 -4.187719314359128475e-04
7.435759544372558594e+00 9.422872543334960938e+00 -4.170642641838639975e-04
7.480299949645996094e+00 9.450464248657226562e+00 -4.152808978687971830e-04
7.525072574615478516e+00 9.477868080139160156e+00 -4.134021583013236523e-04
7.569289207458496094e+00 9.505797386169433594e+00 -4.116390482522547245e-04
7.614172458648681641e+00 9.531620979309082031e+00 -4.139010561630129814e-04
7.659136295318603516e+00 9.557045936584472656e+00 -4.172257904428988695e-04
7.704399585723876953e+00 9.582329750061035156e+00 -4.206220619380474091e-04
7.749269485473632812e+00 9.607942581176757812e+00 -4.238931869622319937e-04
7.794533729553222656e+00 9.633227348327636719e+00 -4.272953956387937069e-04
7.839333534240722656e+00 9.658909797668457031e+00 -4.304997564759105444e-04
7.884454250335693359e+00 9.684285163879394531e+00 -4.329542862251400948e-04
7.928796768188476562e+00 9.710342407226562500e+00 -4.349414957687258720e-04
7.973112583160400391e+00 9.736437797546386719e+00 -4.369358648546040058e-04
8.017400741577148438e+00 9.761624336242675781e+00 -4.390613758005201817e-04
8.061707496643066406e+00 9.787727355957031250e+00 -4.412083362694829702e-04
8.106247901916503906e+00 9.813672065734863281e+00 -4.436497401911765337e-04
8.150611877441406250e+00 9.840468406677246094e+00 -4.459421325009316206e-04
8.195556640625000000e+00 9.867295265197753906e+00 -4.483489610720425844e-04
8.240833282470703125e+00 9.894927024841308594e+00 -4.506926052272319794e-04
8.286136627197265625e+00 9.922587394714355469e+00 -4.530779842752963305e-04
8.331181526184082031e+00 9.950840950012207031e+00 -4.554228507913649082e-04
8.376233100891113281e+00 9.979146003723144531e+00 -4.577545623760670424e-04
8.421214103698730469e+00 1.000656223297119141e+01 -4.602198314387351274e-04
8.466161727905273438e+00 1.003518199920654297e+01 -4.633335629478096962e-04
8.511079788208007812e+00 1.006413936614990234e+01 -4.680220736190676689e-04
8.555535316467285156e+00 1.009349346160888672e+01 -4.724292375613003969e-04
8.599007606506347656e+00 1.012208652496337891e+01 -4.767255450133234262e-04
8.641436576843261719e+00 1.015076541900634766e+01 -4.807297664228826761e-04
8.684414863586425781e+00 1.017903804779052734e+01 -4.849616962019354105e-04
8.727231025695800781e+00 1.020814990997314453e+01 -4.889992997050285339e-04
8.772448539733886719e+00 1.023733520507812500e+01 -4.943196545355021954e-04
8.820701599121093750e+00 1.026658344268798828e+01 -5.002586403861641884e-04
8.869054794311523438e+00 1.029747676849365234e+01 -5.056433146819472313e-04
8.915336608886718750e+00 1.032458782196044922e+01 -5.114166415296494961e-04
8.959138870239257812e+00 1.034864330291748047e+01 -5.173222743906080723e-04
9.003354072570800781e+00 1.037249660491943359e+01 -5.234496202319860458e-04
9.047472953796386719e+00 1.039691257476806641e+01 -5.294589791446924210e-04
9.093566894531250000e+00 1.042175006866455078e+01 -5.359451170079410076e-04
9.139945983886718750e+00 1.044728374481201172e+01 -5.423252005130052567e-04
9.185960769653320312e+00 1.047307777404785156e+01 -5.482856649905443192e-04
9.231814384460449219e+00 1.049802589416503906e+01 -5.542843136936426163e-04
9.277978897094726562e+00 1.052404689788818359e+01 -5.600957665592432022e-04
9.324050903320312500e+00 1.055046463012695312e+01 -5.656818975694477558e-04
9.369538307189941406e+00 1.057756710052490234e+01 -5.702488124370574951e-04
9.415440559387207031e+00 1.060451030731201172e+01 -5.741087952628731728e-04
9.460913658142089844e+00 1.063173770904541016e+01 -5.778638878837227821e-04
9.505516052246093750e+00 1.065796566009521484e+01 -5.816058837808668613e-04
9.549757003784179688e+00 1.068450832366943359e+01 -5.852846661582589149e-04
9.593626022338867188e+00 1.071134281158447266e+01 -5.896167131140828133e-04
9.636171340942382812e+00 1.073675918579101562e+01 -5.942468415014445782e-04
9.678635597229003906e+00 1.076308441162109375e+01 -5.986611358821392059e-04
9.721829414367675781e+00 1.078901863098144531e+01 -6.029288051649928093e-04
9.768061637878417969e+00 1.081416034698486328e+01 -6.070081726647913456e-04
9.815276145935058594e+00 1.083856868743896484e+01 -6.114594289101660252e-04
9.862977981567382812e+00 1.086367321014404297e+01 -6.164483493193984032e-04
9.911098480224609375e+00 1.088846397399902344e+01 -6.218556663952767849e-04
9.958678245544433594e+00 1.091360569000244141e+01 -6.270806188695132732e-04
1.000562191009521484e+01 1.093581485748291016e+01 -6.327586015686392784e-04
1.005251693725585938e+01 1.095686531066894531e+01 -6.387631292454898357e-04
1.009912109375000000e+01 1.097955703735351562e+01 -6.440107244998216629e-04
1.014606189727783203e+01 1.100192642211914062e+01 -6.494121043942868710e-04
1.019272994995117188e+01 1.102465915679931641e+01 -6.552128470502793789e-04
1.023980331420898438e+01 1.104711627960205078e+01 -6.616763421334326267e-04
1.028630256652832031e+01 1.107024860382080078e+01 -6.678144563920795918e-04
1.033358287811279297e+01 1.109257984161376953e+01 -6.751911132596433163e-04
1.038024806976318359e+01 1.111520290374755859e+01 -6.824128213338553905e-04
1.042691516876220703e+01 1.113782596588134766e+01 -6.896464619785547256e-04
1.047346878051757812e+01 1.115956401824951172e+01 -6.969670648686587811e-04
1.052007007598876953e+01 1.118230533599853516e+01 -7.040362106636166573e-04
1.056708240509033203e+01 1.120494842529296875e+01 -7.112614694051444530e-04
1.061439990997314453e+01 1.122892379760742188e+01 -7.181100663729012012e-04
1.066224193572998047e+01 1.125276279449462891e+01 -7.251350325532257557e-04
1.070971679687500000e+01 1.127697086334228516e+01 -7.319633732549846172e-04
1.075755977630615234e+01 1.130081081390380859e+01 -7.389847887679934502e-04
1.080503177642822266e+01 1.132501697540283203e+01 -7.458095205947756767e-04
1.085246276855468750e+01 1.134935092926025391e+01 -7.525913533754646778e-04
1.089972972869873047e+01 1.137277412414550781e+01 -7.595579372718930244e-04
1.094715499877929688e+01 1.139710521697998047e+01 -7.663254509679973125e-04
1.099492073059082031e+01 1.142110824584960938e+01 -7.733062957413494587e-04
1.104226684570312500e+01 1.144530200958251953e+01 -7.801250903867185116e-04
1.108998298645019531e+01 1.146916007995605469e+01 -7.871548878028988838e-04
1.113777732849121094e+01 1.149285125732421875e+01 -7.964746328070759773e-04
1.118623828887939453e+01 1.151612377166748047e+01 -8.094470249488949776e-04
1.123397159576416016e+01 1.154002380371093750e+01 -8.218698203563690186e-04
1.128170967102050781e+01 1.156391239166259766e+01 -8.342961664311587811e-04
1.132941913604736328e+01 1.158682155609130859e+01 -8.472923655062913895e-04
1.137770938873291016e+01 1.161018466949462891e+01 -8.604888571426272392e-04
1.142581462860107422e+01 1.163344860076904297e+01 -8.653799886815249920e-04
1.147402763366699219e+01 1.165636539459228516e+01 -8.703021449036896229e-04
1.152254867553710938e+01 1.167902851104736328e+01 -8.752934518270194530e-04
1.157063198089599609e+01 1.170220184326171875e+01 -8.803622331470251083e-04
1.161885261535644531e+01 1.172577857971191406e+01 -8.865980780683457851e-04
1.166671466827392578e+01 1.174998664855957031e+01 -8.927218150347471237e-04
1.171457386016845703e+01 1.177451324462890625e+01 -8.987538167275488377e-04
1.176213264465332031e+01 1.179839992523193359e+01 -9.046642226167023182e-04
1.180975723266601562e+01 1.182317638397216797e+01 -9.098510490730404854e-04
1.185695075988769531e+01 1.184764385223388672e+01 -9.128336678259074688e-04
1.190406417846679688e+01 1.187240886688232422e+01 -9.158735047094523907e-04
1.195161819458007812e+01 1.189691257476806641e+01 -9.189908159896731377e-04
1.199636745452880859e+01 1.191985797882080078e+01 -9.219280909746885300e-04
1.204033470153808594e+01 1.194159412384033203e+01 -9.249190916307270527e-04
1.208498954772949219e+01 1.196371364593505859e+01 -9.279052610509097576e-04
1.213117408752441406e+01 1.198591423034667969e+01 -9.310595341958105564e-04
1.217720603942871094e+01 1.200691509246826172e+01 -9.345690486952662468e-04
1.222333526611328125e+01 1.202880382537841797e+01 -9.380118572153151035e-04
1.226994800567626953e+01 1.205019378662109375e+01 -9.415201493538916111e-04
1.231632518768310547e+01 1.207176685333251953e+01 -9.448901982977986336e-04
1.236307907104492188e+01 1.209297847747802734e+01 -9.483437170274555683e-04
1.240909671783447266e+01 1.211447048187255859e+01 -9.516731952317059040e-04
1.245526027679443359e+01 1.213543128967285156e+01 -9.550802060402929783e-04
1.250104427337646484e+01 1.215672588348388672e+01 -9.584502549842000008e-04
1.254687786102294922e+01 1.217797470092773438e+01 -9.619538323022425175e-04
1.259262943267822266e+01 1.219837665557861328e+01 -9.655372705310583115e-04
1.263847446441650391e+01 1.221928310394287109e+01 -9.690825245343148708e-04
1.268554115295410156e+01 1.224050521850585938e+01 -9.727613651193678379e-04
1.273371887207031250e+01 1.226417446136474609e+01 -9.756426443345844746e-04
1.278446006774902344e+01 1.229072284698486328e+01 -9.777264203876256943e-04
1.283522605895996094e+01 1.231755542755126953e+01 -9.802334243431687355e-04
1.288649654388427734e+01 1.234443473815917969e+01 -9.828655747696757317e-04
1.293756389617919922e+01 1.237209129333496094e+01 -9.854475501924753189e-04
1.298862934112548828e+01 1.239974594116210938e+01 -9.880082216113805771e-04
1.303937530517578125e+01 1.242627239227294922e+01 -9.906331542879343033e-04
1.309085750579833984e+01 1.245381736755371094e+01 -9.932343382388353348e-04
1.313900566101074219e+01 1.247268962860107422e+01 -9.960262104868888855e-04
1.318670177459716797e+01 1.249205112457275391e+01 -9.987561497837305069e-04
1.323487091064453125e+01 1.251047134399414062e+01 -1.001339405775070190e-03
1.328267955780029297e+01 1.252921104431152344e+01 -1.003846409730613232e-03
1.332971572875976562e+01 1.254729747772216797e+01 -1.006280654110014439e-03
1.337555885314941406e+01 1.256526184082031250e+01 -1.008654013276100159e-03
1.342148208618164062e+01 1.258160972595214844e+01 -1.011090702377259731e-03
1.346793937683105469e+01 1.259811019897460938e+01 -1.013635774143040180e-03
1.351479148864746094e+01 1.261562347412109375e+01 -1.016161870211362839e-03
1.356161499023437500e+01 1.263283252716064453e+01 -1.018718932755291462e-03
1.360728168487548828e+01 1.265063858032226562e+01 -1.021637115627527237e-03
1.365270233154296875e+01 1.266578102111816406e+01 -1.025894074700772762e-03
1.369694042205810547e+01 1.267941379547119141e+01 -1.030153478495776653e-03
1.374170494079589844e+01 1.269256401062011719e+01 -1.034501008689403534e-03
1.378606319427490234e+01 1.270608139038085938e+01 -1.038582762703299522e-03
1.383623981475830078e+01 1.272690105438232422e+01 -1.042556017637252808e-03
1.388705253601074219e+01 1.274829387664794922e+01 -1.046441029757261276e-03
1.393771362304687500e+01 1.277110671997070312e+01 -1.050110324285924435e-03
1.398866081237792969e+01 1.279362869262695312e+01 -1.053879735991358757e-03
1.403890991210937500e+01 1.281702899932861328e+01 -1.057597808539867401e-03
1.408975028991699219e+01 1.283981990814208984e+01 -1.057937624864280224e-03
1.414055061340332031e+01 1.286264514923095703e+01 -1.054481719620525837e-03
1.419157218933105469e+01 1.288536167144775391e+01 -1.050922088325023651e-03
1.424224567413330078e+01 1.290844726562500000e+01 -1.047507976181805134e-03
1.429302215576171875e+01 1.293142127990722656e+01 -1.044038916006684303e-03
1.434425640106201172e+01 1.295412826538085938e+01 -1.040415023453533649e-03
1.439461231231689453e+01 1.297681713104248047e+01 -1.036941190250217915e-03
1.444595336914062500e+01 1.299846744537353516e+01 -1.032981090247631073e-03
1.449678516387939453e+01 1.302073383331298828e+01 -1.029268954880535603e-03
1.454795932769775391e+01 1.304260730743408203e+01 -1.025389879941940308e-03
1.459879875183105469e+01 1.306487941741943359e+01 -1.021684845909476280e-03
1.465002822875976562e+01 1.308671474456787109e+01 -1.017827191390097141e-03
1.469944095611572266e+01 1.310718917846679688e+01 -1.013960107229650021e-03
1.474745559692382812e+01 1.312550258636474609e+01 -1.009792555123567581e-03
1.479545021057128906e+01 1.314384078979492188e+01 -1.005415106192231178e-03
1.484251403808593750e+01 1.316217136383056641e+01 -1.001183176413178444e-03
1.489046859741210938e+01 1.318057346343994141e+01 -9.968010708689689636e-04
1.493802165985107422e+01 1.319948387145996094e+01 -9.925977792590856552e-04
1.498593902587890625e+01 1.321844577789306641e+01 -9.881870355457067490e-04
1.503351593017578125e+01 1.323757839202880859e+01 -9.836904937401413918e-04
1.508149242401123047e+01 1.325614643096923828e+01 -9.789483156055212021e-04
1.512907123565673828e+01 1.327515220642089844e+01 -9.744731942191720009e-04
1.517651748657226562e+01 1.329430103302001953e+01 -9.701125090941786766e-04
1.522429275512695312e+01 1.331324672698974609e+01 -9.644405217841267586e-04
1.527123641967773438e+01 1.333213901519775391e+01 -9.585492080077528954e-04
1.531900596618652344e+01 1.335133075714111328e+01 -9.527603979222476482e-04
1.536658096313476562e+01 1.337086200714111328e+01 -9.471504017710685730e-04
1.541443443298339844e+01 1.338932323455810547e+01 -9.410922066308557987e-04
1.546263790130615234e+01 1.340760707855224609e+01 -9.348813910037279129e-04
1.551070117950439453e+01 1.342586040496826172e+01 -9.286968270316720009e-04
1.555835056304931641e+01 1.344457721710205078e+01 -9.227649425156414509e-04
1.560603809356689453e+01 1.346329975128173828e+01 -9.168355027213692665e-04
1.565427017211914062e+01 1.348124408721923828e+01 -9.105531498789787292e-04
1.570172309875488281e+01 1.349928569793701172e+01 -9.071390377357602119e-04
1.575007247924804688e+01 1.351741504669189453e+01 -9.071342647075653076e-04
1.579808425903320312e+01 1.353582859039306641e+01 -9.071556851267814636e-04
1.584645938873291016e+01 1.355355167388916016e+01 -9.071962558664381504e-04
1.589458179473876953e+01 1.357154846191406250e+01 -9.072677348740398884e-04
1.594363403320312500e+01 1.358750820159912109e+01 -9.071843232959508896e-04
1.599243545532226562e+01 1.360368442535400391e+01 -9.071390377357602119e-04
1.604151725769042969e+01 1.362061405181884766e+01 -9.072868269868195057e-04
1.609105682373046875e+01 1.363723087310791016e+01 -9.074179688468575478e-04
1.613956832885742188e+01 1.365402889251708984e+01 -9.064976475201547146e-04
1.618871879577636719e+01 1.367131423950195312e+01 -9.034959948621690273e-04
1.623752593994140625e+01 1.368905735015869141e+01 -9.006111067719757557e-04
1.628676414489746094e+01 1.370621490478515625e+01 -8.975664968602359295e-04
1.633578300476074219e+01 1.372363758087158203e+01 -8.945886511355638504e-04
1.638515472412109375e+01 1.374059963226318359e+01 -8.914582431316375732e-04
1.643415069580078125e+01 1.375803852081298828e+01 -8.884541457518935204e-04
1.648273849487304688e+01 1.377607440948486328e+01 -8.855430642142891884e-04
1.653166580200195312e+01 1.379369735717773438e+01 -8.825843106023967266e-04
1.657969474792480469e+01 1.381132030487060547e+01 -8.784477249719202518e-04
1.662857055664062500e+01 1.382931041717529297e+01 -8.708874811418354511e-04
1.667712783813476562e+01 1.384771442413330078e+01 -8.635656558908522129e-04
1.672600364685058594e+01 1.386570644378662109e+01 -8.559958660043776035e-04
1.677455902099609375e+01 1.388410854339599609e+01 -8.486787555739283562e-04
1.682337188720703125e+01 1.390226078033447266e+01 -8.412401075474917889e-04
1.687187194824218750e+01 1.392089843750000000e+01 -8.341185748577117920e-04
1.692057418823242188e+01 1.393927478790283203e+01 -8.268658421002328396e-04
1.696968460083007812e+01 1.395705032348632812e+01 -8.192650857381522655e-04
1.701810455322265625e+01 1.397453784942626953e+01 -8.117549004964530468e-04
1.706742668151855469e+01 1.399208259582519531e+01 -8.040134562179446220e-04
1.711642074584960938e+01 1.401004219055175781e+01 -7.965366239659488201e-04
1.716581916809082031e+01 1.402743911743164062e+01 -7.887069950811564922e-04
1.721498680114746094e+01 1.404513740539550781e+01 -7.810656679794192314e-04
