3.192367076873779297e+00 2.377559661865234375e+00 1.237503767013549805e+00
3.247884988784790039e+00 2.356946706771850586e+00 1.248325943946838379e+00
3.303858041763305664e+00 2.334995746612548828e+00 1.259002804756164551e+00
3.360222101211547852e+00 2.312854051589965820e+00 1.269003868103027344e+00
3.416164875030517578e+00 2.294478654861450195e+00 1.277931690216064453e+00
3.472427845001220703e+00 2.274963140487670898e+00 1.286682009696960449e+00
3.529404163360595703e+00 2.254640817642211914e+00 1.295367717742919922e+00
3.589674949645996094e+00 2.232165575027465820e+00 1.304812073707580566e+00
3.649873495101928711e+00 2.208861827850341797e+00 1.314100027084350586e+00
3.710358619689941406e+00 2.184240818023681641e+00 1.323189258575439453e+00
3.778464794158935547e+00 2.152086734771728516e+00 1.331667661666870117e+00
3.875030040740966797e+00 2.082169532775878906e+00 1.336818456649780273e+00
3.973447322845458984e+00 2.001415729522705078e+00 1.340924739837646484e+00
4.071403980255126953e+00 1.915132284164428711e+00 1.344791173934936523e+00
4.165805816650390625e+00 1.825693368911743164e+00 1.350527405738830566e+00
4.258484363555908203e+00 1.731362938880920410e+00 1.357202410697937012e+00
4.351817607879638672e+00 1.630890488624572754e+00 1.363354921340942383e+00
4.443337917327880859e+00 1.526850223541259766e+00 1.369425535202026367e+00
4.536354064941406250e+00 1.415949583053588867e+00 1.375536680221557617e+00
4.629213809967041016e+00 1.307386159896850586e+00 1.381224513053894043e+00
4.721688270568847656e+00 1.196575641632080078e+00 1.387963414192199707e+00
4.811992168426513672e+00 1.081895828247070312e+00 1.394263744354248047e+00
4.900980472564697266e+00 9.629013538360595703e-01 1.399932622909545898e+00
4.993899345397949219e+00 8.187306523323059082e-01 1.399329423904418945e+00
5.085879325866699219e+00 6.535353660583496094e-01 1.386974096298217773e+00
5.174151420593261719e+00 4.800156354904174805e-01 1.373403549194335938e+00
5.259725570678710938e+00 2.956642508506774902e-01 1.350376725196838379e+00
5.339330673217773438e+00 1.039139628410339355e-01 1.326413631439208984e+00
5.412998676300048828e+00 -9.807068109512329102e-02 1.301149129867553711e+00
5.479539394378662109e+00 -3.089330792427062988e-01 1.275264501571655273e+00
5.538613796234130859e+00 -5.242323875427246094e-01 1.249150514602661133e+00
5.589433193206787109e+00 -7.460471391677856445e-01 1.222950220108032227e+00
5.631463050842285156e+00 -9.727090597152709961e-01 1.196872949600219727e+00
5.664119720458984375e+00 -1.205052614212036133e+00 1.170628070831298828e+00
5.687482357025146484e+00 -1.442676544189453125e+00 1.143677711486816406e+00
5.700967311859130859e+00 -1.687292098999023438e+00 1.115043044090270996e+00
5.702805519104003906e+00 -1.960684776306152344e+00 1.073009014129638672e+00
5.690214633941650391e+00 -2.241490364074707031e+00 1.030052065849304199e+00
5.662642955780029297e+00 -2.527281284332275391e+00 9.881706237792968750e-01
5.620012760162353516e+00 -2.815363883972167969e+00 9.477848410606384277e-01
5.561504840850830078e+00 -3.106606245040893555e+00 9.088122248649597168e-01
5.487291336059570312e+00 -3.398457527160644531e+00 8.714896440505981445e-01
5.392240524291992188e+00 -3.696827650070190430e+00 8.365069627761840820e-01
5.278660297393798828e+00 -3.996159076690673828e+00 8.035303950309753418e-01
5.147996425628662109e+00 -4.292819499969482422e+00 7.724841833114624023e-01
4.999113082885742188e+00 -4.587388515472412109e+00 7.433253526687622070e-01
4.833012580871582031e+00 -4.877126216888427734e+00 7.161461710929870605e-01
4.648479938507080078e+00 -5.162519931793212891e+00 6.908982992172241211e-01
4.446833133697509766e+00 -5.440804958343505859e+00 6.676563024520874023e-01
4.226891040802001953e+00 -5.712447166442871094e+00 6.463149189949035645e-01
3.990280866622924805e+00 -5.974768638610839844e+00 6.268894076347351074e-01
3.736701488494873047e+00 -6.227542400360107422e+00 6.092241406440734863e-01
3.465389728546142578e+00 -6.469898700714111328e+00 5.934484004974365234e-01
3.178359031677246094e+00 -6.699073791503906250e+00 5.796602964401245117e-01
2.876034259796142578e+00 -6.915497779846191406e+00 5.672526359558105469e-01
2.560436487197875977e+00 -7.116715908050537109e+00 5.563849210739135742e-01
2.229525089263916016e+00 -7.303072452545166016e+00 5.469931364059448242e-01
1.885967731475830078e+00 -7.472743988037109375e+00 5.388641357421875000e-01
1.543849945068359375e+00 -7.621788978576660156e+00 5.313713550567626953e-01
1.192384481430053711e+00 -7.753628730773925781e+00 5.248781442642211914e-01
8.293278217315673828e-01 -7.868284702301025391e+00 5.193521976470947266e-01
5.091215372085571289e-01 -7.961206912994384766e+00 5.114403367042541504e-01
1.969275474548339844e-01 -8.039134979248046875e+00 5.030431151390075684e-01
-1.229574680328369141e-01 -8.104401588439941406e+00 4.945443868637084961e-01
-4.481418728828430176e-01 -8.155830383300781250e+00 4.860953688621520996e-01
-7.803160548210144043e-01 -8.193034172058105469e+00 4.778160154819488525e-01
-1.116157770156860352e+00 -8.215581893920898438e+00 4.694300889968872070e-01
-1.412209868431091309e+00 -8.229147911071777344e+00 4.606577754020690918e-01
-1.685384273529052734e+00 -8.235201835632324219e+00 4.523869454860687256e-01
-1.952585339546203613e+00 -8.232595443725585938e+00 4.448810219764709473e-01
-2.220085382461547852e+00 -8.219346046447753906e+00 4.391197264194488525e-01
-2.489164352416992188e+00 -8.196049690246582031e+00 4.337235987186431885e-01
-2.761658906936645508e+00 -8.164084434509277344e+00 4.289953112602233887e-01
-3.034893512725830078e+00 -8.122407913208007812e+00 4.245480597019195557e-01
-3.309925079345703125e+00 -8.070347785949707031e+00 4.203222990036010742e-01
-3.584901332855224609e+00 -8.008264541625976562e+00 4.162276685237884521e-01
-3.860857248306274414e+00 -7.935523986816406250e+00 4.122687876224517822e-01
-4.103874206542968750e+00 -7.866799354553222656e+00 4.074126482009887695e-01
-4.335807323455810547e+00 -7.795178413391113281e+00 4.021268486976623535e-01
-4.566884994506835938e+00 -7.716327190399169922e+00 3.968790173530578613e-01
-4.797158241271972656e+00 -7.629489898681640625e+00 3.918323814868927002e-01
-5.027623176574707031e+00 -7.535123348236083984e+00 3.866381049156188965e-01
-5.256491661071777344e+00 -7.433487892150878906e+00 3.814115524291992188e-01
-5.484695434570312500e+00 -7.323816776275634766e+00 3.761732578277587891e-01
-5.710790634155273438e+00 -7.206891059875488281e+00 3.708573877811431885e-01
-5.935688495635986328e+00 -7.081885814666748047e+00 3.654766082763671875e-01
-6.157954216003417969e+00 -6.949697017669677734e+00 3.599782884120941162e-01
-6.378493309020996094e+00 -6.809406757354736328e+00 3.543739318847656250e-01
-6.595880985260009766e+00 -6.662043571472167969e+00 3.486112356185913086e-01
-6.809969902038574219e+00 -6.506874561309814453e+00 3.428160250186920166e-01
-7.021719932556152344e+00 -6.344807147979736328e+00 3.335524499416351318e-01
-7.221165180206298828e+00 -6.183871746063232422e+00 3.234958052635192871e-01
-7.414384365081787109e+00 -6.019043922424316406e+00 3.131781816482543945e-01
-7.603778839111328125e+00 -5.848313331604003906e+00 3.026924133300781250e-01
-7.790083408355712891e+00 -5.670618057250976562e+00 2.920188605785369873e-01
-7.972138881683349609e+00 -5.487230300903320312e+00 2.811756134033203125e-01
-8.150669097900390625e+00 -5.297000885009765625e+00 2.701437771320343018e-01
-8.324591636657714844e+00 -5.101252079010009766e+00 2.589365839958190918e-01
-8.493918418884277344e+00 -4.898796558380126953e+00 2.476394325494766235e-01
-8.658863067626953125e+00 -4.691160678863525391e+00 2.360777109861373901e-01
-8.819002151489257812e+00 -4.477783679962158203e+00 2.243525087833404541e-01
-8.974526405334472656e+00 -4.258057117462158203e+00 2.124416828155517578e-01
-9.124536514282226562e+00 -4.033471584320068359e+00 2.003933191299438477e-01
-9.269777297973632812e+00 -3.804160594940185547e+00 1.882605701684951782e-01
-9.411834716796875000e+00 -3.582327842712402344e+00 1.771581619977951050e-01
-9.549209594726562500e+00 -3.354551076889038086e+00 1.661747395992279053e-01
-9.681187629699707031e+00 -3.122409105300903320e+00 1.553605049848556519e-01
-9.807392120361328125e+00 -2.884493827819824219e+00 1.447246521711349487e-01
-9.928580284118652344e+00 -2.642688989639282227e+00 1.342657804489135742e-01
-1.004417037963867188e+01 -2.396237850189208984e+00 1.240181997418403625e-01
-1.015416812896728516e+01 -2.144576549530029297e+00 1.139814779162406921e-01
-1.025806236267089844e+01 -1.889375448226928711e+00 1.042284443974494934e-01
-1.035606002807617188e+01 -1.629246830940246582e+00 9.472724050283432007e-02
-1.044772434234619141e+01 -1.365941286087036133e+00 8.557675778865814209e-02
-1.053319549560546875e+01 -1.098029613494873047e+00 7.673513144254684448e-02
-1.061212348937988281e+01 -8.273626565933227539e-01 6.830466538667678833e-02
-1.068385505676269531e+01 -5.524746179580688477e-01 6.018573045730590820e-02
-1.074960517883300781e+01 -2.751906514167785645e-01 5.259381234645843506e-02
-1.080468559265136719e+01 -4.814851284027099609e-02 4.851192235946655273e-02
-1.085020923614501953e+01 9.611201286315917969e-02 4.974047839641571045e-02
-1.089404678344726562e+01 2.411913871765136719e-01 5.147364735603332520e-02
-1.093613529205322266e+01 3.879290223121643066e-01 5.369430780410766602e-02
-1.097651100158691406e+01 5.353941321372985840e-01 5.644616484642028809e-02
-1.101508998870849609e+01 6.844336390495300293e-01 5.970799922943115234e-02
-1.105192375183105469e+01 8.341703414916992188e-01 6.352841854095458984e-02
-1.108622455596923828e+01 9.853959679603576660e-01 6.775365769863128662e-02
-1.111976528167724609e+01 1.137571573257446289e+00 7.277926802635192871e-02
-1.115140914916992188e+01 1.291184902191162109e+00 7.836920022964477539e-02
-1.118126106262207031e+01 1.445375442504882812e+00 8.457857370376586914e-02
-1.120925235748291016e+01 1.600533843040466309e+00 9.139013290405273438e-02
-1.123529624938964844e+01 1.757037162780761719e+00 9.880830347537994385e-02
-1.125950431823730469e+01 1.914014458656311035e+00 1.068735420703887939e-01
-1.128174114227294922e+01 2.072303056716918945e+00 1.155742853879928589e-01
-1.130214309692382812e+01 2.230944395065307617e+00 1.249395310878753662e-01
-1.131978797912597656e+01 2.390624523162841797e+00 1.347377300262451172e-01
-1.133633232116699219e+01 2.550805091857910156e+00 1.454447209835052490e-01
-1.135083293914794922e+01 2.712120056152343750e+00 1.568426787853240967e-01
-1.136348724365234375e+01 2.873672723770141602e+00 1.689647138118743896e-01
-1.137418651580810547e+01 3.035870790481567383e+00 1.818045377731323242e-01
-1.138285160064697266e+01 3.199132442474365234e+00 1.955102086067199707e-01
-1.139012718200683594e+01 3.362842559814453125e+00 2.114189863204956055e-01
-1.139528656005859375e+01 3.527554750442504883e+00 2.281012535095214844e-01
-1.139863109588623047e+01 3.692266464233398438e+00 2.456089258193969727e-01
-1.139909839630126953e+01 3.857609033584594727e+00 2.635072767734527588e-01
-1.139848518371582031e+01 4.023202419281005859e+00 2.826270461082458496e-01
-1.139575576782226562e+01 4.189561843872070312e+00 3.025691807270050049e-01
-1.139121723175048828e+01 4.355800151824951172e+00 3.233774900436401367e-01
-1.138470268249511719e+01 4.522374153137207031e+00 3.450555205345153809e-01
-1.137605571746826172e+01 4.689595222473144531e+00 3.675820827484130859e-01
-1.136562728881835938e+01 4.856606483459472656e+00 3.910284042358398438e-01
-1.135305976867675781e+01 5.024197101593017578e+00 4.153415560722351074e-01
-1.133873271942138672e+01 5.191507339477539062e+00 4.406017363071441650e-01
-1.132156181335449219e+01 5.358927726745605469e+00 4.662616550922393799e-01
-1.130412864685058594e+01 5.522177219390869141e+00 4.839363694190979004e-01
-1.128526687622070312e+01 5.682572841644287109e+00 4.944495856761932373e-01
-1.126472568511962891e+01 5.842811584472656250e+00 5.052868127822875977e-01
-1.124211120605468750e+01 6.003647327423095703e+00 5.163737535476684570e-01
-1.121784305572509766e+01 6.164224147796630859e+00 5.278189778327941895e-01
-1.119171714782714844e+01 6.325056076049804688e+00 5.397208929061889648e-01
-1.116351985931396484e+01 6.486381530761718750e+00 5.519031286239624023e-01
-1.113367843627929688e+01 6.647399902343750000e+00 5.644459128379821777e-01
-1.110107326507568359e+01 6.808438777923583984e+00 5.769141912460327148e-01
-1.106755542755126953e+01 6.969478130340576172e+00 5.901172161102294922e-01
-1.103195858001708984e+01 7.130905151367187500e+00 6.036266088485717773e-01
-1.099478149414062500e+01 7.291880130767822266e+00 6.175225973129272461e-01
-1.095552444458007812e+01 7.453182220458984375e+00 6.317400336265563965e-01
-1.091481304168701172e+01 7.614112854003906250e+00 6.465499401092529297e-01
-1.087245750427246094e+01 7.775048255920410156e+00 6.619984507560729980e-01
-1.082193183898925781e+01 7.935778617858886719e+00 6.558613181114196777e-01
-1.076491928100585938e+01 8.095561027526855469e+00 6.330900192260742188e-01
-1.070502090454101562e+01 8.254957199096679688e+00 6.105899810791015625e-01
-1.064388179779052734e+01 8.414357185363769531e+00 5.880782604217529297e-01
-1.060419750213623047e+01 8.538642883300781250e+00 5.701340436935424805e-01
-1.056389427185058594e+01 8.662021636962890625e+00 5.523375272750854492e-01
-1.052206039428710938e+01 8.785663604736328125e+00 5.345617532730102539e-01
-1.047918796539306641e+01 8.908947944641113281e+00 5.168750286102294922e-01
-1.043502235412597656e+01 9.032185554504394531e+00 4.992508888244628906e-01
-1.038930511474609375e+01 9.155665397644042969e+00 4.816583991050720215e-01
-1.034256553649902344e+01 9.278726577758789062e+00 4.641763567924499512e-01
-1.029359817504882812e+01 9.401762008666992188e+00 4.468598961830139160e-01
-1.024431896209716797e+01 9.524571418762207031e+00 4.295526742935180664e-01
-1.019348049163818359e+01 9.647550582885742188e+00 4.123042821884155273e-01
-1.014165115356445312e+01 9.770055770874023438e+00 3.951780796051025391e-01
-1.008827304840087891e+01 9.892698287963867188e+00 3.781375288963317871e-01
-1.003391742706298828e+01 1.001483631134033203e+01 3.612293601036071777e-01
-9.977991104125976562e+00 1.013710403442382812e+01 3.444078564643859863e-01
-9.921132087707519531e+00 1.025880527496337891e+01 3.277454972267150879e-01
-9.863028526306152344e+00 1.038027954101562500e+01 3.112077116966247559e-01
-9.802780151367187500e+00 1.050145912170410156e+01 2.948955893516540527e-01
-9.742208480834960938e+00 1.062239933013916016e+01 2.786418199539184570e-01
-9.680106163024902344e+00 1.074334049224853516e+01 2.625064849853515625e-01
-9.617106437683105469e+00 1.086367130279541016e+01 2.465397119522094727e-01
-9.552557945251464844e+00 1.098399829864501953e+01 2.307195067405700684e-01
-9.487154006958007812e+00 1.110367107391357422e+01 2.150944471359252930e-01
-9.420189857482910156e+00 1.122332572937011719e+01 1.996019482612609863e-01
-9.352402687072753906e+00 1.134228897094726562e+01 1.843230724334716797e-01
-9.283426284790039062e+00 1.146088027954101562e+01 1.692310571670532227e-01
-9.212926864624023438e+00 1.157938098907470703e+01 1.542972326278686523e-01
-9.141060829162597656e+00 1.169678497314453125e+01 1.396799087524414062e-01
-9.068265914916992188e+00 1.181443119049072266e+01 1.251493692398071289e-01
-8.994695663452148438e+00 1.193134498596191406e+01 1.108440160751342773e-01
-8.919631958007812500e+00 1.204810428619384766e+01 9.673047065734863281e-02
-8.843813896179199219e+00 1.216409492492675781e+01 8.285504579544067383e-02
-8.766512870788574219e+00 1.227991008758544922e+01 6.918698549270629883e-02
-8.688471794128417969e+00 1.239495372772216797e+01 5.576634407043457031e-02
-8.609352111816406250e+00 1.250947761535644531e+01 4.257088899612426758e-02
-8.528791427612304688e+00 1.262376785278320312e+01 2.960801124572753906e-02
-8.447050094604492188e+00 1.273679542541503906e+01 1.700931787490844727e-02
-8.364374160766601562e+00 1.285000228881835938e+01 4.538834095001220703e-03
-8.281053543090820312e+00 1.296237659454345703e+01 -7.654428482055664062e-03
-8.196350097656250000e+00 1.307442951202392578e+01 -1.960188150405883789e-02
-8.110966682434082031e+00 1.318566703796386719e+01 -3.126811981201171875e-02
-8.024235725402832031e+00 1.329655361175537109e+01 -4.267859458923339844e-02
-7.936910629272460938e+00 1.340656948089599609e+01 -5.379652976989746094e-02
-7.848207473754882812e+00 1.351624393463134766e+01 -6.464451551437377930e-02
-7.769921779632568359e+00 1.361636257171630859e+01 -7.461208105087280273e-02
-7.693820476531982422e+00 1.371283435821533203e+01 -8.407819271087646484e-02
-7.617086887359619141e+00 1.380953979492187500e+01 -9.339451789855957031e-02
-7.539912700653076172e+00 1.390561199188232422e+01 -1.024732589721679688e-01
-7.461682319641113281e+00 1.400139236450195312e+01 -1.113249063491821289e-01
-7.383049964904785156e+00 1.409651756286621094e+01 -1.199175715446472168e-01
-7.303354740142822266e+00 1.419137001037597656e+01 -1.282896399497985840e-01
-7.223254680633544922e+00 1.428556156158447266e+01 -1.364049911499023438e-01
-7.142156600952148438e+00 1.437942600250244141e+01 -1.442785263061523438e-01
-7.060640335083007812e+00 1.447263717651367188e+01 -1.518843770027160645e-01
-6.978049278259277344e+00 1.456484031677246094e+01 -1.591821312904357910e-01
-6.894900798797607422e+00 1.465718936920166016e+01 -1.662794947624206543e-01
-6.811376571655273438e+00 1.474887943267822266e+01 -1.731175780296325684e-01
-6.726911067962646484e+00 1.484018898010253906e+01 -1.797096133232116699e-01
-6.645936012268066406e+00 1.492809963226318359e+01 -1.857233047485351562e-01
-6.564134120941162109e+00 1.501561260223388672e+01 -1.914840340614318848e-01
-6.482081890106201172e+00 1.510247421264648438e+01 -1.969590187072753906e-01
-6.399121284484863281e+00 1.518899440765380859e+01 -2.021819949150085449e-01
-6.315925121307373047e+00 1.527485275268554688e+01 -2.071270942687988281e-01
-6.231764793395996094e+00 1.535969352722167969e+01 -2.117788195610046387e-01
-6.147116661071777344e+00 1.544469547271728516e+01 -2.161867022514343262e-01
-6.062284946441650391e+00 1.552902221679687500e+01 -2.203106880187988281e-01
-5.978214740753173828e+00 1.561227226257324219e+01 -2.241536974906921387e-01
-5.890342235565185547e+00 1.569641685485839844e+01 -2.277633547782897949e-01
-5.805288791656494141e+00 1.577861976623535156e+01 -2.310527563095092773e-01
-5.716408729553222656e+00 1.586167621612548828e+01 -2.340978384017944336e-01
-5.630352497100830078e+00 1.594281959533691406e+01 -2.368240356445312500e-01
-5.540553569793701172e+00 1.602475738525390625e+01 -2.393008470535278320e-01
-5.453248023986816406e+00 1.610428428649902344e+01 -2.414482235908508301e-01
-5.362509727478027344e+00 1.618510437011718750e+01 -2.433732151985168457e-01
-5.274666309356689453e+00 1.626408386230468750e+01 -2.449672222137451172e-01
-5.186363220214843750e+00 1.634253883361816406e+01 -2.463005185127258301e-01
-5.094387054443359375e+00 1.642163467407226562e+01 -2.473505139350891113e-01
-5.005305290222167969e+00 1.649893569946289062e+01 -2.480859160423278809e-01
-4.912562847137451172e+00 1.657685279846191406e+01 -2.485394477844238281e-01
-4.822688579559326172e+00 1.665304374694824219e+01 -2.487214207649230957e-01
-4.729218482971191406e+00 1.672977638244628906e+01 -2.485939264297485352e-01
-4.638384342193603516e+00 1.680427169799804688e+01 -2.481974363327026367e-01
-4.544189929962158203e+00 1.687984657287597656e+01 -2.474954724311828613e-01
-4.452974319458007812e+00 1.695375061035156250e+01 -2.465381026268005371e-01
-4.361445426940917969e+00 1.702709388732910156e+01 -2.452775239944458008e-01
-4.266243934631347656e+00 1.710091590881347656e+01 -2.437500953674316406e-01
-4.174087047576904297e+00 1.717312240600585938e+01 -2.419275045394897461e-01
-4.078355312347412109e+00 1.724573898315429688e+01 -2.398080229759216309e-01
-3.985639810562133789e+00 1.731678771972656250e+01 -2.374274730682373047e-01
-3.889349222183227539e+00 1.738821792602539062e+01 -2.347397208213806152e-01
-3.795889377593994141e+00 1.745752525329589844e+01 -2.318403124809265137e-01
-3.699130535125732422e+00 1.752775764465332031e+01 -2.285903096199035645e-01
-3.605443000793457031e+00 1.759648323059082031e+01 -2.251007556915283203e-01
-3.511514663696289062e+00 1.766463279724121094e+01 -2.213644981384277344e-01
-3.414137840270996094e+00 1.773306465148925781e+01 -2.172898054122924805e-01
-3.319846630096435547e+00 1.780004692077636719e+01 -2.129961848258972168e-01
-3.222059488296508789e+00 1.786729240417480469e+01 -2.083687782287597656e-01
-3.127375602722167969e+00 1.793312263488769531e+01 -2.035566568374633789e-01
-3.029285669326782227e+00 1.799916267395019531e+01 -1.983966231346130371e-01
-2.934118747711181641e+00 1.806324005126953125e+01 -1.931003332138061523e-01
-2.835747003555297852e+00 1.812808036804199219e+01 -1.874251365661621094e-01
-2.740532636642456055e+00 1.819157791137695312e+01 -1.815638542175292969e-01
-2.645174026489257812e+00 1.825451469421386719e+01 -1.754512786865234375e-01
-2.546483755111694336e+00 1.831756973266601562e+01 -1.690105199813842773e-01
-2.450906515121459961e+00 1.837935447692871094e+01 -1.624115109443664551e-01
-2.352063894271850586e+00 1.844122505187988281e+01 -1.554838418960571289e-01
-2.256370782852172852e+00 1.850185012817382812e+01 -1.483985781669616699e-01
-2.157378435134887695e+00 1.856254005432128906e+01 -1.409751176834106445e-01
-2.061416864395141602e+00 1.862145042419433594e+01 -1.334912776947021484e-01
-1.962350845336914062e+00 1.868097114562988281e+01 -1.256108283996582031e-01
-1.866493463516235352e+00 1.873932075500488281e+01 -1.176157593727111816e-01
-1.770595788955688477e+00 1.879711341857910156e+01 -1.093749403953552246e-01
-1.671486020088195801e+00 1.885490226745605469e+01 -1.008369326591491699e-01
-1.575594186782836914e+00 1.891157150268554688e+01 -9.217798709869384766e-02
-1.476511955261230469e+00 1.896821403503417969e+01 -8.321547508239746094e-02
-1.380655288696289062e+00 1.902376937866210938e+01 -7.414412498474121094e-02
-1.281638026237487793e+00 1.907926750183105469e+01 -6.477791070938110352e-02
-1.185713529586791992e+00 1.913315200805664062e+01 -5.540573596954345703e-02
-1.086817622184753418e+00 1.918751525878906250e+01 -4.566246271133422852e-02
-9.911580681800842285e-01 1.924088096618652344e+01 -3.581929206848144531e-02
-8.923884630203247070e-01 1.929414367675781250e+01 -2.570861577987670898e-02
-7.968840599060058594e-01 1.934642410278320312e+01 -1.552808284759521484e-02
-7.013788819313049316e-01 1.939815711975097656e+01 -5.091249942779541016e-03
-6.135437488555908203e-01 1.945067405700683594e+01 1.072299480438232422e-02
-5.340515375137329102e-01 1.950281715393066406e+01 2.878350019454956055e-02
-4.515399336814880371e-01 1.955492019653320312e+01 4.680728912353515625e-02
-3.722921907901763916e-01 1.960569000244140625e+01 6.451129913330078125e-02
-2.905972003936767578e-01 1.965699195861816406e+01 8.241319656372070312e-02
-2.125893235206604004e-01 1.970763587951660156e+01 1.003074645996093750e-01
