-4.889999866485595703e+00 -1.965000033378601074e-01 0.000000000000000000e+00
-4.914899826049804688e+00 5.294600129127502441e-01 0.000000000000000000e+00
-4.837299823760986328e+00 1.236500024795532227e+00 0.000000000000000000e+00
-4.665699958801269531e+00 1.911800026893615723e+00 0.000000000000000000e+00
-4.409999847412109375e+00 2.544899940490722656e+00 0.000000000000000000e+00
-4.080399990081787109e+00 3.127399921417236328e+00 0.000000000000000000e+00
-3.687299966812133789e+00 3.653100013732910156e+00 0.000000000000000000e+00
-3.241199970245361328e+00 4.117199897766113281e+00 0.000000000000000000e+00
-2.752000093460083008e+00 4.517099857330322266e+00 0.000000000000000000e+00
-2.229500055313110352e+00 4.850999832153320312e+00 0.000000000000000000e+00
-1.682600021362304688e+00 5.118700027465820312e+00 0.000000000000000000e+00
-1.119899988174438477e+00 5.321100234985351562e+00 0.000000000000000000e+00
-5.489100217819213867e-01 5.459499835968017578e+00 0.000000000000000000e+00
2.329399995505809784e-02 5.536399841308593750e+00 0.000000000000000000e+00
5.905200242996215820e-01 5.554599761962890625e+00 0.000000000000000000e+00
1.147300004959106445e+00 5.517300128936767578e+00 0.000000000000000000e+00
1.688799977302551270e+00 5.428100109100341797e+00 0.000000000000000000e+00
2.210900068283081055e+00 5.290800094604492188e+00 0.000000000000000000e+00
2.710099935531616211e+00 5.109399795532226562e+00 0.000000000000000000e+00
3.183599948883056641e+00 4.887700080871582031e+00 0.000000000000000000e+00
3.628900051116943359e+00 4.629700183868408203e+00 0.000000000000000000e+00
4.044300079345703125e+00 4.339499950408935547e+00 0.000000000000000000e+00
4.428299903869628906e+00 4.020699977874755859e+00 0.000000000000000000e+00
4.780000209808349609e+00 3.677200078964233398e+00 0.000000000000000000e+00
5.098599910736083984e+00 3.312400102615356445e+00 0.000000000000000000e+00
5.383999824523925781e+00 2.929800033569335938e+00 0.000000000000000000e+00
5.636099815368652344e+00 2.532599925994873047e+00 0.000000000000000000e+00
5.855199813842773438e+00 2.123800039291381836e+00 0.000000000000000000e+00
6.041600227355957031e+00 1.706099987030029297e+00 0.000000000000000000e+00
6.196000099182128906e+00 1.282400012016296387e+00 0.000000000000000000e+00
6.319099903106689453e+00 8.548600077629089355e-01 0.000000000000000000e+00
6.412000179290771484e+00 4.258800148963928223e-01 0.000000000000000000e+00
6.475599765777587891e+00 -2.513000043109059334e-03 0.000000000000000000e+00
6.510900020599365234e+00 -4.284499883651733398e-01 0.000000000000000000e+00
6.519199848175048828e+00 -8.502399921417236328e-01 0.000000000000000000e+00
6.501699924468994141e+00 -1.266299962997436523e+00 0.000000000000000000e+00
6.459499835968017578e+00 -1.675400018692016602e+00 0.000000000000000000e+00
6.394100189208984375e+00 -2.076200008392333984e+00 0.000000000000000000e+00
6.306600093841552734e+00 -2.467600107192993164e+00 0.000000000000000000e+00
6.198299884796142578e+00 -2.848599910736083984e+00 0.000000000000000000e+00
6.070499897003173828e+00 -3.218600034713745117e+00 0.000000000000000000e+00
5.924399852752685547e+00 -3.576699972152709961e+00 0.000000000000000000e+00
5.761400222778320312e+00 -3.922300100326538086e+00 0.000000000000000000e+00
5.582499980926513672e+00 -4.255000114440917969e+00 0.000000000000000000e+00
5.388999938964843750e+00 -4.574299812316894531e+00 0.000000000000000000e+00
5.182000160217285156e+00 -4.880000114440917969e+00 0.000000000000000000e+00
4.962600231170654297e+00 -5.171599864959716797e+00 0.000000000000000000e+00
4.731900215148925781e+00 -5.449100017547607422e+00 0.000000000000000000e+00
4.490900039672851562e+00 -5.712399959564208984e+00 0.000000000000000000e+00
4.240600109100341797e+00 -5.961400032043457031e+00 0.000000000000000000e+00
3.982000112533569336e+00 -6.196000099182128906e+00 0.000000000000000000e+00
3.715899944305419922e+00 -6.416299819946289062e+00 0.000000000000000000e+00
3.443200111389160156e+00 -6.622399806976318359e+00 0.000000000000000000e+00
3.164700031280517578e+00 -6.814499855041503906e+00 0.000000000000000000e+00
2.881299972534179688e+00 -6.992599964141845703e+00 0.000000000000000000e+00
2.593600034713745117e+00 -7.156899929046630859e+00 0.000000000000000000e+00
2.302299976348876953e+00 -7.307700157165527344e+00 0.000000000000000000e+00
2.008199930191040039e+00 -7.445099830627441406e+00 0.000000000000000000e+00
1.711699962615966797e+00 -7.569499969482421875e+00 0.000000000000000000e+00
1.413699984550476074e+00 -7.681000232696533203e+00 0.000000000000000000e+00
1.114400029182434082e+00 -7.780099868774414062e+00 0.000000000000000000e+00
8.145999908447265625e-01 -7.866799831390380859e+00 0.000000000000000000e+00
5.146399736404418945e-01 -7.941699981689453125e+00 0.000000000000000000e+00
2.150000035762786865e-01 -8.004899978637695312e+00 0.000000000000000000e+00
-8.388599753379821777e-02 -8.056699752807617188e+00 0.000000000000000000e+00
-3.816300034523010254e-01 -8.097599983215332031e+00 0.000000000000000000e+00
-6.778699755668640137e-01 -8.127799987792968750e+00 0.000000000000000000e+00
-9.722599983215332031e-01 -8.147600173950195312e+00 0.000000000000000000e+00
-1.264500021934509277e+00 -8.157400131225585938e+00 0.000000000000000000e+00
-1.554299950599670410e+00 -8.157500267028808594e+00 0.000000000000000000e+00
-1.841300010681152344e+00 -8.148300170898437500e+00 0.000000000000000000e+00
-2.125400066375732422e+00 -8.129899978637695312e+00 0.000000000000000000e+00
-2.406300067901611328e+00 -8.102800369262695312e+00 0.000000000000000000e+00
-2.683799982070922852e+00 -8.067299842834472656e+00 0.000000000000000000e+00
-2.957700014114379883e+00 -8.023599624633789062e+00 0.000000000000000000e+00
-3.227900028228759766e+00 -7.972199916839599609e+00 0.000000000000000000e+00
-3.494100093841552734e+00 -7.913199901580810547e+00 0.000000000000000000e+00
-3.756299972534179688e+00 -7.847000122070312500e+00 0.000000000000000000e+00
-4.014400005340576172e+00 -7.773799896240234375e+00 0.000000000000000000e+00
-4.268099784851074219e+00 -7.693999767303466797e+00 0.000000000000000000e+00
-4.517499923706054688e+00 -7.607800006866455078e+00 0.000000000000000000e+00
-4.762400150299072266e+00 -7.515500068664550781e+00 0.000000000000000000e+00
-5.002799987792968750e+00 -7.417399883270263672e+00 0.000000000000000000e+00
-5.238500118255615234e+00 -7.313700199127197266e+00 0.000000000000000000e+00
-5.469600200653076172e+00 -7.204699993133544922e+00 0.000000000000000000e+00
-5.696100234985351562e+00 -7.090499877929687500e+00 0.000000000000000000e+00
-5.917799949645996094e+00 -6.971499919891357422e+00 0.000000000000000000e+00
-6.134699821472167969e+00 -6.847899913787841797e+00 0.000000000000000000e+00
-6.346799850463867188e+00 -6.719900131225585938e+00 0.000000000000000000e+00
-6.554200172424316406e+00 -6.587699890136718750e+00 0.000000000000000000e+00
-6.756800174713134766e+00 -6.451600074768066406e+00 0.000000000000000000e+00
-6.954500198364257812e+00 -6.311699867248535156e+00 0.000000000000000000e+00
-7.147500038146972656e+00 -6.168200016021728516e+00 0.000000000000000000e+00
-7.335700035095214844e+00 -6.021299839019775391e+00 0.000000000000000000e+00
-7.519199848175048828e+00 -5.871300220489501953e+00 0.000000000000000000e+00
-7.697899818420410156e+00 -5.718200206756591797e+00 0.000000000000000000e+00
-7.871900081634521484e+00 -5.562300205230712891e+00 0.000000000000000000e+00
-8.041199684143066406e+00 -5.403800010681152344e+00 0.000000000000000000e+00
-8.205800056457519531e+00 -5.242700099945068359e+00 0.000000000000000000e+00
-8.365799903869628906e+00 -5.079299926757812500e+00 0.000000000000000000e+00
-8.521300315856933594e+00 -4.913599967956542969e+00 0.000000000000000000e+00
-8.672200202941894531e+00 -4.745999813079833984e+00 0.000000000000000000e+00
-8.818599700927734375e+00 -4.576399803161621094e+00 0.000000000000000000e+00
-8.960499763488769531e+00 -4.405000209808349609e+00 0.000000000000000000e+00
-9.098099708557128906e+00 -4.231900215148925781e+00 0.000000000000000000e+00
-9.231300354003906250e+00 -4.057400226593017578e+00 0.000000000000000000e+00
-9.360199928283691406e+00 -3.881400108337402344e+00 0.000000000000000000e+00
-9.484800338745117188e+00 -3.704200029373168945e+00 0.000000000000000000e+00
-9.605199813842773438e+00 -3.525700092315673828e+00 0.000000000000000000e+00
-9.721500396728515625e+00 -3.346199989318847656e+00 0.000000000000000000e+00
-9.833700180053710938e+00 -3.165699958801269531e+00 0.000000000000000000e+00
-9.941900253295898438e+00 -2.984400033950805664e+00 0.000000000000000000e+00
-1.004599952697753906e+01 -2.802299976348876953e+00 0.000000000000000000e+00
-1.014599990844726562e+01 -2.619499921798706055e+00 0.000000000000000000e+00
-1.024300003051757812e+01 -2.436100006103515625e+00 0.000000000000000000e+00
-1.033500003814697266e+01 -2.252099990844726562e+00 0.000000000000000000e+00
-1.042399978637695312e+01 -2.067800045013427734e+00 0.000000000000000000e+00
-1.050899982452392578e+01 -1.883100032806396484e+00 0.000000000000000000e+00
-1.059099960327148438e+01 -1.698099970817565918e+00 0.000000000000000000e+00
-1.066899967193603516e+01 -1.512899994850158691e+00 0.000000000000000000e+00
-1.074300003051757812e+01 -1.327499985694885254e+00 0.000000000000000000e+00
-1.081400012969970703e+01 -1.142099976539611816e+00 0.000000000000000000e+00
-1.088199996948242188e+01 -9.566699862480163574e-01 0.000000000000000000e+00
-1.094600009918212891e+01 -7.712600231170654297e-01 0.000000000000000000e+00
-1.100699996948242188e+01 -5.859500169754028320e-01 0.000000000000000000e+00
-1.106499958038330078e+01 -4.007999897003173828e-01 0.000000000000000000e+00
-1.111900043487548828e+01 -2.158499956130981445e-01 0.000000000000000000e+00
-1.117099952697753906e+01 -3.114500083029270172e-02 0.000000000000000000e+00
-1.121899986267089844e+01 1.532599925994873047e-01 0.000000000000000000e+00
-1.126500034332275391e+01 3.373099863529205322e-01 0.000000000000000000e+00
-1.130700016021728516e+01 5.209800004959106445e-01 0.000000000000000000e+00
-1.134700012207031250e+01 7.042300105094909668e-01 0.000000000000000000e+00
-1.138399982452392578e+01 8.870000243186950684e-01 0.000000000000000000e+00
-1.141800022125244141e+01 1.069300055503845215e+00 0.000000000000000000e+00
-1.144900035858154297e+01 1.251000046730041504e+00 0.000000000000000000e+00
-1.147700023651123047e+01 1.432199954986572266e+00 0.000000000000000000e+00
-1.150300025939941406e+01 1.612699985504150391e+00 0.000000000000000000e+00
-1.152700042724609375e+01 1.792700052261352539e+00 0.000000000000000000e+00
-1.154699993133544922e+01 1.972000002861022949e+00 0.000000000000000000e+00
-1.156599998474121094e+01 2.150500059127807617e+00 0.000000000000000000e+00
-1.158199977874755859e+01 2.328399896621704102e+00 0.000000000000000000e+00
-1.159500026702880859e+01 2.505599975585937500e+00 0.000000000000000000e+00
-1.160599994659423828e+01 2.681900024414062500e+00 0.000000000000000000e+00
-1.161499977111816406e+01 2.857500076293945312e+00 0.000000000000000000e+00
-1.162199974060058594e+01 3.032299995422363281e+00 0.000000000000000000e+00
-1.162699985504150391e+01 3.206300020217895508e+00 0.000000000000000000e+00
-1.162899971008300781e+01 3.379499912261962891e+00 0.000000000000000000e+00
-1.162899971008300781e+01 3.551700115203857422e+00 0.000000000000000000e+00
-1.162699985504150391e+01 3.723200082778930664e+00 0.000000000000000000e+00
-1.162300014495849609e+01 3.893699884414672852e+00 0.000000000000000000e+00
-1.161800003051757812e+01 4.063300132751464844e+00 0.000000000000000000e+00
-1.160999965667724609e+01 4.232100009918212891e+00 0.000000000000000000e+00
-1.160000038146972656e+01 4.399899959564208984e+00 0.000000000000000000e+00
-1.158899974822998047e+01 4.566800117492675781e+00 0.000000000000000000e+00
-1.157499980926513672e+01 4.732699871063232422e+00 0.000000000000000000e+00
-1.156000041961669922e+01 4.897699832916259766e+00 0.000000000000000000e+00
-1.154300022125244141e+01 5.061699867248535156e+00 0.000000000000000000e+00
-1.152499961853027344e+01 5.224800109863281250e+00 0.000000000000000000e+00
-1.150399971008300781e+01 5.386799812316894531e+00 0.000000000000000000e+00
-1.148299980163574219e+01 5.547900199890136719e+00 0.000000000000000000e+00
-1.145899963378906250e+01 5.708000183105468750e+00 0.000000000000000000e+00
-1.143400001525878906e+01 5.867099761962890625e+00 0.000000000000000000e+00
-1.140699958801269531e+01 6.025300025939941406e+00 0.000000000000000000e+00
-1.137899971008300781e+01 6.182400226593017578e+00 0.000000000000000000e+00
-1.135000038146972656e+01 6.338500022888183594e+00 0.000000000000000000e+00
-1.131900024414062500e+01 6.493599891662597656e+00 0.000000000000000000e+00
-1.128600025177001953e+01 6.647699832916259766e+00 0.000000000000000000e+00
-1.125199985504150391e+01 6.800700187683105469e+00 0.000000000000000000e+00
-1.121700000762939453e+01 6.952799797058105469e+00 0.000000000000000000e+00
-1.118099975585937500e+01 7.103899955749511719e+00 0.000000000000000000e+00
-1.114299964904785156e+01 7.253900051116943359e+00 0.000000000000000000e+00
-1.110400009155273438e+01 7.402900218963623047e+00 0.000000000000000000e+00
-1.106400012969970703e+01 7.550899982452392578e+00 0.000000000000000000e+00
-1.102299976348876953e+01 7.697899818420410156e+00 0.000000000000000000e+00
-1.097999954223632812e+01 7.843800067901611328e+00 0.000000000000000000e+00
-1.093599987030029297e+01 7.988800048828125000e+00 0.000000000000000000e+00
-1.089099979400634766e+01 8.132699966430664062e+00 0.000000000000000000e+00
-1.084500026702880859e+01 8.275600433349609375e+00 0.000000000000000000e+00
-1.079800033569335938e+01 8.417499542236328125e+00 0.000000000000000000e+00
-1.075000000000000000e+01 8.558400154113769531e+00 0.000000000000000000e+00
-1.070100021362304688e+01 8.698300361633300781e+00 0.000000000000000000e+00
-1.065100002288818359e+01 8.837200164794921875e+00 0.000000000000000000e+00
-1.060000038146972656e+01 8.975099563598632812e+00 0.000000000000000000e+00
-1.054800033569335938e+01 9.111900329589843750e+00 0.000000000000000000e+00
-1.049499988555908203e+01 9.247799873352050781e+00 0.000000000000000000e+00
-1.044099998474121094e+01 9.382699966430664062e+00 0.000000000000000000e+00
-1.038599967956542969e+01 9.516699790954589844e+00 0.000000000000000000e+00
-1.033100032806396484e+01 9.649600028991699219e+00 0.000000000000000000e+00
-1.027400016784667969e+01 9.781499862670898438e+00 0.000000000000000000e+00
-1.021700000762939453e+01 9.912500381469726562e+00 0.000000000000000000e+00
-1.015900039672851562e+01 1.004300022125244141e+01 0.000000000000000000e+00
-1.010000038146972656e+01 1.017199993133544922e+01 0.000000000000000000e+00
-1.003999996185302734e+01 1.030000019073486328e+01 0.000000000000000000e+00
-9.979700088500976562e+00 1.042700004577636719e+01 0.000000000000000000e+00
-9.918499946594238281e+00 1.055300045013427734e+01 0.000000000000000000e+00
-9.856599807739257812e+00 1.067800045013427734e+01 0.000000000000000000e+00
-9.793999671936035156e+00 1.080200004577636719e+01 0.000000000000000000e+00
-9.730699539184570312e+00 1.092599964141845703e+01 0.000000000000000000e+00
-9.666700363159179688e+00 1.104800033569335938e+01 0.000000000000000000e+00
-9.602100372314453125e+00 1.117000007629394531e+01 0.000000000000000000e+00
-9.536800384521484375e+00 1.128999996185302734e+01 0.000000000000000000e+00
-9.470899581909179688e+00 1.140999984741210938e+01 0.000000000000000000e+00
-9.404399871826171875e+00 1.152900028228759766e+01 0.000000000000000000e+00
-9.337300300598144531e+00 1.164599990844726562e+01 0.000000000000000000e+00
-9.269599914550781250e+00 1.176299953460693359e+01 0.000000000000000000e+00
-9.201399803161621094e+00 1.187899971008300781e+01 0.000000000000000000e+00
-9.132599830627441406e+00 1.199400043487548828e+01 0.000000000000000000e+00
-9.063300132751464844e+00 1.210900020599365234e+01 0.000000000000000000e+00
-8.993499755859375000e+00 1.222200012207031250e+01 0.000000000000000000e+00
-8.923100471496582031e+00 1.233500003814697266e+01 0.000000000000000000e+00
-8.852299690246582031e+00 1.244600009918212891e+01 0.000000000000000000e+00
-8.781000137329101562e+00 1.255700016021728516e+01 0.000000000000000000e+00
-8.709199905395507812e+00 1.266699981689453125e+01 0.000000000000000000e+00
-8.636899948120117188e+00 1.277600002288818359e+01 0.000000000000000000e+00
-8.564200401306152344e+00 1.288399982452392578e+01 0.000000000000000000e+00
-8.491100311279296875e+00 1.299199962615966797e+01 0.000000000000000000e+00
-8.417499542236328125e+00 1.309799957275390625e+01 0.000000000000000000e+00
-8.343500137329101562e+00 1.320400047302246094e+01 0.000000000000000000e+00
-8.269100189208984375e+00 1.330900001525878906e+01 0.000000000000000000e+00
-8.194399833679199219e+00 1.341300010681152344e+01 0.000000000000000000e+00
-8.119199752807617188e+00 1.351599979400634766e+01 0.000000000000000000e+00
-8.043700218200683594e+00 1.361900043487548828e+01 0.000000000000000000e+00
-7.967800140380859375e+00 1.372099971771240234e+01 0.000000000000000000e+00
-7.891600131988525391e+00 1.382199954986572266e+01 0.000000000000000000e+00
-7.815000057220458984e+00 1.392199993133544922e+01 0.000000000000000000e+00
-7.738100051879882812e+00 1.402099990844726562e+01 0.000000000000000000e+00
-7.660799980163574219e+00 1.411999988555908203e+01 0.000000000000000000e+00
-7.583300113677978516e+00 1.421800041198730469e+01 0.000000000000000000e+00
-7.505400180816650391e+00 1.431499958038330078e+01 0.000000000000000000e+00
-7.427199840545654297e+00 1.441100025177001953e+01 0.000000000000000000e+00
-7.348800182342529297e+00 1.450699996948242188e+01 0.000000000000000000e+00
-7.270100116729736328e+00 1.460099983215332031e+01 0.000000000000000000e+00
-7.191100120544433594e+00 1.469499969482421875e+01 0.000000000000000000e+00
-7.111800193786621094e+00 1.478899955749511719e+01 0.000000000000000000e+00
-7.032299995422363281e+00 1.488199996948242188e+01 0.000000000000000000e+00
-6.952499866485595703e+00 1.497299957275390625e+01 0.000000000000000000e+00
-6.872499942779541016e+00 1.506499958038330078e+01 0.000000000000000000e+00
-6.792300224304199219e+00 1.515499973297119141e+01 0.000000000000000000e+00
-6.711800098419189453e+00 1.524499988555908203e+01 0.000000000000000000e+00
-6.631100177764892578e+00 1.533399963378906250e+01 0.000000000000000000e+00
-6.550199985504150391e+00 1.542300033569335938e+01 0.000000000000000000e+00
-6.469099998474121094e+00 1.551000022888183594e+01 0.000000000000000000e+00
-6.387700080871582031e+00 1.559799957275390625e+01 0.000000000000000000e+00
-6.306200027465820312e+00 1.568400001525878906e+01 0.000000000000000000e+00
-6.224500179290771484e+00 1.577000045776367188e+01 0.000000000000000000e+00
-6.142600059509277344e+00 1.585499954223632812e+01 0.000000000000000000e+00
-6.060599803924560547e+00 1.593900012969970703e+01 0.000000000000000000e+00
-5.978300094604492188e+00 1.602300071716308594e+01 0.000000000000000000e+00
-5.895999908447265625e+00 1.610600090026855469e+01 0.000000000000000000e+00
-5.813399791717529297e+00 1.618899917602539062e+01 0.000000000000000000e+00
-5.730700016021728516e+00 1.627099990844726562e+01 0.000000000000000000e+00
-5.647799968719482422e+00 1.635199928283691406e+01 0.000000000000000000e+00
-5.564799785614013672e+00 1.643199920654296875e+01 0.000000000000000000e+00
-5.481699943542480469e+00 1.651199913024902344e+01 0.000000000000000000e+00
-5.398399829864501953e+00 1.659199905395507812e+01 0.000000000000000000e+00
-5.315100193023681641e+00 1.667099952697753906e+01 0.000000000000000000e+00
-5.231500148773193359e+00 1.674900054931640625e+01 0.000000000000000000e+00
-5.147900104522705078e+00 1.682600021362304688e+01 0.000000000000000000e+00
-5.064099788665771484e+00 1.690299987792968750e+01 0.000000000000000000e+00
-4.980299949645996094e+00 1.697999954223632812e+01 0.000000000000000000e+00
-4.896299839019775391e+00 1.705599975585937500e+01 0.000000000000000000e+00
-4.812300205230712891e+00 1.713100051879882812e+01 0.000000000000000000e+00
-4.728099822998046875e+00 1.720599937438964844e+01 0.000000000000000000e+00
-4.643899917602539062e+00 1.728000068664550781e+01 0.000000000000000000e+00
-4.559500217437744141e+00 1.735300064086914062e+01 0.000000000000000000e+00
-4.475100040435791016e+00 1.742600059509277344e+01 0.000000000000000000e+00
-4.390600204467773438e+00 1.749900054931640625e+01 0.000000000000000000e+00
-4.306000232696533203e+00 1.757099914550781250e+01 0.000000000000000000e+00
-4.221399784088134766e+00 1.764200019836425781e+01 0.000000000000000000e+00
-4.136700153350830078e+00 1.771299934387207031e+01 0.000000000000000000e+00
-4.051899909973144531e+00 1.778300094604492188e+01 0.000000000000000000e+00
-3.967000007629394531e+00 1.785300064086914062e+01 0.000000000000000000e+00
-3.882100105285644531e+00 1.792200088500976562e+01 0.000000000000000000e+00
-3.797199964523315430e+00 1.799099922180175781e+01 0.000000000000000000e+00
-3.712100028991699219e+00 1.805900001525878906e+01 0.000000000000000000e+00
-3.627099990844726562e+00 1.812700080871582031e+01 0.000000000000000000e+00
-3.542000055313110352e+00 1.819400024414062500e+01 0.000000000000000000e+00
-3.456799983978271484e+00 1.826000022888183594e+01 0.000000000000000000e+00
-3.371599912643432617e+00 1.832699966430664062e+01 0.000000000000000000e+00
-3.286400079727172852e+00 1.839200019836425781e+01 0.000000000000000000e+00
-3.201200008392333984e+00 1.845700073242187500e+01 0.000000000000000000e+00
-3.115900039672851562e+00 1.852199935913085938e+01 0.000000000000000000e+00
-3.030600070953369141e+00 1.858600044250488281e+01 0.000000000000000000e+00
-2.945199966430664062e+00 1.864999961853027344e+01 0.000000000000000000e+00
-2.859899997711181641e+00 1.871299934387207031e+01 0.000000000000000000e+00
-2.774499893188476562e+00 1.877599906921386719e+01 0.000000000000000000e+00
-2.689100027084350586e+00 1.883900070190429688e+01 0.000000000000000000e+00
-2.603699922561645508e+00 1.889999961853027344e+01 0.000000000000000000e+00
-2.518199920654296875e+00 1.896199989318847656e+01 0.000000000000000000e+00
-2.432800054550170898e+00 1.902300071716308594e+01 0.000000000000000000e+00
-2.347300052642822266e+00 1.908300018310546875e+01 0.000000000000000000e+00
-2.261899948120117188e+00 1.914399909973144531e+01 0.000000000000000000e+00
-2.176399946212768555e+00 1.920299911499023438e+01 0.000000000000000000e+00
-2.090899944305419922e+00 1.926199913024902344e+01 0.000000000000000000e+00
-2.005500078201293945e+00 1.932099914550781250e+01 0.000000000000000000e+00
-1.919999957084655762e+00 1.937899971008300781e+01 0.000000000000000000e+00
-1.834599971771240234e+00 1.943700027465820312e+01 0.000000000000000000e+00
-1.749099969863891602e+00 1.949500083923339844e+01 0.000000000000000000e+00
-1.663699984550476074e+00 1.955200004577636719e+01 0.000000000000000000e+00
-1.578199982643127441e+00 1.960899925231933594e+01 0.000000000000000000e+00
